8042.02
8068.4
7997.65
8045.0
7977.0
8045.15
8074.01
8106.75
8300.74
8300.02
8386.91
8277.46
8335.98
8328.78
8294.5
8312.41
8299.52
8337.66
8339.78
8350.01
8301.6
8284.51
8376.88
8445.27
8158.5
8049.12
8019.05
8173.01
8076.95
8038.54
7938.86
7917.0
7761.78
7849.02
7847.81
7864.02
7896.17
7881.56
7858.97
7880.32
7878.02
7870.02
7875.61
7846.26
7899.33
7902.45
7905.82
7887.0
7762.72
7711.93
7569.99
7549.78
7538.5
7529.39
7553.29
7527.46
7517.17
7538.47
7517.4
7551.02
7523.46
7553.11
7534.9
7539.99
7505.89
7515.8
7521.49
7529.56
7535.91
7542.84
7404.61
7377.04
7351.77
7351.99
7361.93
7430.0
7439.0
7431.34
7463.65
7456.11
7458.77
7437.04
7434.71
7451.11
7426.3
7415.22
7421.4
7419.19
7468.58
7460.08
7453.92
7451.2
7468.87
7438.49
7455.02
7370.04
7352.82
7344.15
7348.24
7329.98
7322.55
7292.18
7337.95
7294.33
7304.97
7303.7
7289.15
7300.04
7323.04
7300.0
7347.07
7339.57
7341.79
7346.26
7330.33
7325.81
7328.98
7320.63
7304.7
7301.94
7333.0
7299.67
7267.17
7312.36
7327.59
7340.93
7351.68
7389.97
7311.02
7247.03
7335.96
7312.12
7329.08
7293.89
7334.18
7241.98
7187.33
7191.21
7192.53
7194.42
6930.1
6938.11
6870.01
6921.49
6944.9
6952.51
6959.1
6929.27
6965.67
6959.01
6948.89
7027.51
7113.11
7118.16
7108.01
7133.24
7117.19
7138.7
7129.74
7124.92
7086.01
7103.63
7108.99
7118.01
7100.02
7141.03
7169.04
7185.01
7175.2
7173.14
7214.83
7216.51
7204.99
7216.28
7219.1
7225.0
7211.26
7196.73
7187.41
7201.73
7172.73
7179.35
7176.04
7174.1
7188.88
7206.67
7199.95
7188.73
7199.04
7220.05
7185.97
7149.03
7165.9
7173.53
7154.49
7146.92
7150.7
7141.39
7140.18
7190.01
7175.76
7206.35
7218.08
7224.25
7220.67
7222.0
7207.15
7209.51
7226.37
7222.2
7237.95
7220.11
7210.56
7217.15
7238.03
7224.81
7216.27
7252.99
7245.54
7247.82
7212.69
7229.95
7242.0
7232.0
7235.05
7283.62
7298.03
7288.44
7295.91
7292.88
7318.78
7349.84
7364.69
7364.56
7368.45
7363.12
7340.05
7350.92
7345.01
7340.62
7390.42
7390.34
7389.48
7373.36
7458.57
7415.88
7394.43
7393.9
7378.18
7381.31
7381.32
7335.88
7325.61
7304.65
7297.05
7337.1
7304.22
7304.35
7299.39
7290.8
7298.01
7295.06
7278.46
7294.84
7300.7
7306.0
7318.53
7325.75
7327.66
7325.02
7327.12
7311.62
7294.6
7304.48
7284.97
7286.97
7285.82
7284.02
7287.73
7281.82
7286.03
7284.21
7312.75
7290.17
7276.81
7290.09
7297.6
7300.22
7241.66
7231.93
7220.05
7213.13
7202.32
7204.26
7184.49
7191.25
7215.15
7180.99
7169.81
7193.16
7103.22
7168.01
7162.91
7172.66
7157.01
7183.83
7191.14
7187.51
7209.32
7210.43
7200.27
7196.0
7195.83
7188.99
7187.28
7244.03
7287.0
7360.0
7355.08
7310.1
7225.81
7212.62
7203.38
7202.0
7176.15
7206.13
7202.22
7212.41
7196.5
7198.92
7170.08
7176.1
7173.62
7190.69
7200.01
7187.0
7192.6
7200.46
7207.16
7239.26
7217.58
7165.78
7153.89
7128.39
7179.92
7180.22
7180.53
7222.58
7203.02
7219.33
7223.59
7243.46
7245.0
7225.5
7231.6
7239.29
7231.26
7231.87
7242.88
7226.0
7260.75
7244.46
7244.39
7216.47
7231.67
7196.1
7224.01
7289.42
7265.24
7347.81
7375.44
7356.7
7362.35
7383.69
7349.5
7346.17
7254.08
7324.82
7329.7
7307.55
7312.65
7324.53
7306.98
7300.6
7316.57
7295.52
7311.42
7402.37
7435.94
7400.01
7397.36
7518.89
7585.82
7567.38
7516.38
7560.69
7556.16
7524.31
7535.19
7532.55
7504.44
7477.12
7553.7
7571.05
7601.16
7567.71
7615.76
7559.96
7513.12
7406.57
7402.78
7419.65
7403.92
7392.25
7307.94
7221.99
7189.81
7167.86
7165.16
7169.19
7160.01
7168.87
7164.58
7161.04
7175.0
7131.02
7135.41
7148.9
7140.94
7147.56
7150.51
7139.29
7140.34
7141.36
7135.92
7152.76
7148.58
7156.36
7155.02
7146.1
7141.39
7130.01
7132.66
7148.47
7151.96
7140.99
7121.47
7144.38
7135.0
7150.01
7166.83
7157.41
7165.18
7178.97
7158.33
7175.75
7186.87
7190.03
7198.54
7211.31
7193.13
7190.0
7179.76
7165.3
7152.3
7199.98
7181.9
7184.9
7148.01
7144.19
7129.16
7120.61
7138.25
7105.37
7086.16
7125.03
7127.45
7126.04
7111.8
7154.87
7155.0
7159.27
7151.6
7155.86
7175.85
7157.75
7124.09
7133.25
7140.88
7115.15
7085.64
7181.7
7145.49
7148.73
7109.03
7080.01
7094.17
7127.51
7155.33
7139.78
7168.49
7158.08
7166.2
7255.01
7292.61
7439.24
7129.55
7116.77
6964.4
6868.08
6866.71
6874.14
6824.33
6694.43
6670.46
6538.05
6614.36
6651.07
6633.76
6621.47
6614.96
6620.33
6659.63
6675.9
6682.33
6692.85
6651.47
6646.47
6615.06
6580.1
6613.08
6580.19
6615.83
6710.01
6706.09
6726.76
6690.01
6742.92
6770.37
6873.47
6923.07
6887.08
6873.35
6868.55
6865.23
6876.15
6881.78
6875.65
6865.77
6881.4
6881.4
6881.25
6878.62
6873.81
6847.63
6894.6
6911.92
7099.01
7087.29
7075.24
7106.08
7123.16
7100.0
7081.81
7058.52
7056.44
7060.99
7062.43
7078.39
7061.5
7063.42
7065.45
7082.29
7084.64
7074.33
7120.14
7114.74
7119.1
7127.33
7106.01
7116.91
7103.85
7090.01
7110.66
7104.61
7080.94
7072.38
7103.83
7093.26
7136.31
7140.14
7142.35
7049.05
7051.84
7053.56
7048.99
7053.86
7044.35
7034.18
7072.7
7093.41
7086.06
7071.79
7071.93
7089.61
7059.76
7055.26
7053.25
7148.5
7141.2
7152.49
7180.92
7181.61
7184.46
7178.25
7254.07
7249.01
7265.0
7254.41
7249.48
7249.27
7260.0
7242.36
7250.14
7238.02
7240.01
7254.64
7253.36
7233.11
7273.96
7275.04
7249.3
7223.14
7226.96
7217.56
7221.72
7212.04
7203.85
7198.45
7221.7
7206.54
7216.19
7222.83
7215.82
7200.36
7193.89
7193.89
7193.42
7190.12
7204.03
7244.76
7198.78
7207.21
7193.62
7195.71
7182.77
7158.05
7182.03
7176.64
7181.0
7146.89
7154.04
7126.48
7137.82
7160.0
7153.14
7141.62
7154.82
7150.39
7140.29
7139.61
7200.5
7190.53
7194.01
7165.54
7196.72
7180.1
7193.25
7183.31
7172.1
7230.73
7235.05
7252.93
7226.3
7211.18
7230.32
7212.63
7210.51
7209.94
7193.13
7210.63
7206.77
7241.69
7265.21
7234.22
7221.4
7238.5
7217.54
7206.71
7231.04
7222.47
7178.82
7231.22
7236.0
7286.28
7320.32
7348.01
7336.88
7336.88
7312.22
7294.14
7344.74
7350.14
7345.28
7362.79
7376.76
7360.2
7358.53
7339.29
7340.21
7336.56
7364.86
7307.61
7373.79
7451.56
7441.97
7420.01
7428.17
7541.18
7500.57
7495.37
7472.5
7480.37
7459.77
7465.36
7471.07
7518.05
7489.64
7502.19
7517.82
7510.15
7489.49
7533.99
7528.05
7553.33
7545.11
7532.38
7526.07
7532.48
7538.02
7524.81
7560.59
7527.41
7532.84
7517.7
7524.48
7499.59
7499.92
7444.33
7448.55
7452.94
7432.91
7429.63
7415.16
7418.79
7448.59
7484.23
7500.0
7533.17
7496.05
7519.03
7525.01
7500.97
7523.22
7518.86
7523.61
7540.37
7532.04
7526.74
7535.12
7515.19
7505.65
7514.56
7533.94
7544.76
7572.63
7576.63
7546.35
7578.44
7523.81
7530.0
7543.71
7528.16
7466.92
7441.76
7447.04
7449.99
7483.48
7415.74
7375.38
7383.98
7354.08
7364.53
7345.36
7336.35
7387.67
7351.59
7372.45
7363.96
7399.56
7398.49
7377.49
7372.94
7372.94
7372.94
7393.19
7396.52
7377.93
7385.98
7378.59
7355.96
7347.22
7302.77
7342.39
7405.57
7385.23
7436.98
7375.4
7374.45
7308.85
7322.31
7301.68
7311.26
7320.01
7202.0
7215.49
7206.81
7228.74
7220.67
7192.73
7215.72
7183.0
7187.39
7489.56
7478.01
7473.54
7457.78
7472.2
7467.72
7495.53
7226.88
7204.07
7227.63
7197.59
7188.5
7133.98
7150.0
7133.11
7151.45
7153.72
7151.88
7163.02
7140.01
7301.37
7314.49
7328.65
7311.12
7333.66
7360.77
7334.97
7330.0
7341.23
7341.99
7291.46
7289.65
7267.21
7283.48
7262.45
7317.48
7295.0
7313.53
7282.96
7307.99
7359.65
7347.38
7356.59
7372.94
7301.55
7335.06
7313.66
7301.99
7279.81
7278.48
7282.28
7286.7
7310.45
7287.13
7308.34
7313.96
7291.62
7292.61
7297.97
7230.33
7252.58
7247.54
7279.32
7370.0
7365.28
7406.27
7406.8
7372.34
7400.18
7385.09
7375.99
7352.02
7345.82
7305.5
7321.43
7317.9
7294.18
7400.01
7441.87
7352.07
7316.91
7361.13
7320.2
7300.06
7279.73
7310.81
7312.45
7338.13
7295.55
7314.95
7397.37
7487.46
7554.19
7545.0
7544.58
7507.06
7517.27
7483.83
7481.94
7596.09
7548.36
7574.85
7642.42
7700.65
7674.0
7707.43
7711.67
7760.5
7761.75
7758.87
7771.62
7746.06
7748.26
7748.26
7758.95
7772.07
7758.35
7738.7
7702.03
7748.15
7719.87
7750.02
7759.98
7754.92
7817.38
7759.0
7747.61
7598.31
7514.63
7549.0
7570.1
7507.63
7516.34
7473.64
7465.96
7476.76
7492.85
7465.88
7472.02
7482.96
7430.53
7378.32
7561.35
7581.75
7622.64
7605.68
7590.29
7614.34
7616.09
7464.95
7463.33
7445.12
7487.75
7488.29
7516.98
7514.1
7507.89
7514.86
7450.35
7485.72
7507.18
7530.0
7516.38
7570.94
7520.11
7538.55
7549.15
7567.24
7573.12
7502.39
7571.27
7470.01
7321.93
7229.75
7260.54
7236.01
7141.86
6909.36
6898.99
7040.0
7070.87
7091.36
7076.59
7075.76
7073.3
7146.79
7156.25
7164.99
7162.9
7145.75
7105.66
7116.99
7081.27
7100.1
7088.34
7124.53
7100.19
7071.57
7058.11
7138.52
7172.3
7164.75
7148.12
7156.08
7161.7
7160.46
7242.16
7192.53
7241.86
7143.25
7169.59
7141.28
7121.7
7208.86
7213.3
7168.04
7208.7
7270.09
7217.71
7220.0
7256.46
7165.1
7126.01
7124.09
6882.65
6886.76
6752.56
6716.85
6683.01
6647.91
6538.84
6659.51
6682.52
6735.64
6717.67
6884.39
6912.89
7040.63
7045.78
7052.22
7038.56
7080.59
7078.73
7027.98
6985.11
7068.52
7151.83
7150.05
7214.6
7126.08
7255.12
7203.25
7190.74
7208.12
7174.44
7192.55
7227.12
7255.83
7268.86
7254.96
7329.11
7317.44
7285.26
7287.3
7291.25
7316.9
7297.81
7312.29
7304.63
7263.56
7188.67
7160.15
7186.57
7176.22
7173.79
7149.5
7196.03
7230.97
7219.15
7221.88
7292.6
7265.0
7220.9
7220.01
7286.95
7268.11
7334.77
7324.09
7304.66
7238.17
7149.85
7126.01
7125.02
7047.96
7037.02
7143.27
7082.72
7065.59
7392.46
7504.57
7538.93
7447.8
7556.69
7601.26
7587.78
7620.61
7647.73
7622.5
7615.0
7611.49
7587.46
7582.14
7614.83
7568.21
7554.1
7594.69
7606.19
7776.66
7862.99
7880.21
7855.27
7908.48
7909.48
7912.82
8067.35
8072.87
8105.07
8095.28
8106.03
8100.66
8105.97
8079.0
8079.0
8076.33
8087.01
8084.54
8076.05
8088.95
8140.44
8111.6
8114.16
8128.47
8070.0
8065.93
8073.43
8049.21
8063.43
8084.96
8113.59
8110.0
8103.2
8100.0
8141.03
8141.03
8121.92
8120.8
8126.46
8110.11
8102.47
8091.9
8079.97
8084.68
8076.58
8093.07
8083.53
8041.67
8020.94
8063.81
8086.43
8134.01
8150.03
8108.73
8140.06
8129.46
8140.61
8136.38
8185.08
8190.05
8171.1
8174.11
8205.42
8217.3
8194.46
8200.08
8185.82
8321.9
8402.73
8394.16
8426.64
8439.48
8405.86
8425.07
8443.82
8467.03
8464.9
8440.91
8437.39
8473.69
8474.28
8477.41
8441.72
8480.05
8493.05
8500.0
8543.05
8550.63
8529.91
8553.8
8540.74
8547.49
8538.93
8530.02
8517.85
8528.98
8567.89
8529.28
8526.0
8535.61
8551.07
8420.27
8477.0
8487.15
8471.62
8474.64
8483.37
8481.16
8494.02
8479.81
8476.66
8476.67
8457.79
8465.69
8475.32
8472.49
8488.64
8487.03
8483.42
8485.48
8465.01
8468.28
8466.67
8500.59
8485.01
8471.26
8462.89
8462.86
8461.39
8452.68
8450.65
8472.39
8462.31
8457.18
8502.3
8457.74
8472.01
8475.0
8482.83
8463.16
8462.15
8466.75
8447.77
8640.0
8658.45
8612.35
8628.32
8589.81
8610.85
8549.51
8564.68
8544.5
8542.11
8538.52
8521.31
8515.0
8600.48
8626.66
8644.68
8648.71
8650.0
8629.02
8624.26
8639.72
8630.0
8613.19
8640.59
8649.47
8598.46
8611.66
8609.59
8615.2
8585.47
8636.0
8669.4
8679.13
8668.07
8756.62
8733.63
8748.75
8768.19
8761.75
8745.86
8753.78
8745.14
8766.63
8742.0
8752.56
8743.41
8733.12
8726.17
8725.67
8738.2
8753.12
8792.07
8766.49
8767.41
8733.55
8744.23
8720.01
8726.22
8724.81
8729.52
8830.23
8830.23
8770.76
8764.47
8789.7
8761.11
8739.55
8726.51
8700.52
8679.02
8658.6
8630.49
8699.05
8729.76
8733.22
8750.31
8744.19
8759.04
8758.6
8735.88
8733.08
8730.0
8735.59
8729.11
8739.78
8721.54
8701.5
8728.11
8715.51
8749.34
8759.83
8718.07
8722.49
8701.87
8738.55
8712.96
8700.85
8729.02
8704.06
8646.02
8757.37
8792.73
8763.93
8894.89
8936.6
9012.01
9046.47
9056.16
9041.62
9040.12
9080.02
9041.12
9032.08
9048.78
9039.45
9040.91
9017.01
8804.87
8833.64
8807.57
8843.18
8840.01
8852.63
8819.3
8815.27
8844.99
8844.02
8852.91
8780.64
8767.29
8767.0
8777.81
8777.0
8809.33
8794.2
8799.54
8776.37
8756.74
8773.56
8769.45
8742.26
8801.4
8819.81
8853.2
8844.79
8811.82
8848.92
8821.16
8810.02
8815.0
8870.04
8822.07
8815.07
8822.15
8810.59
8784.35
8809.01
8768.14
8807.62
8863.13
8802.29
8795.75
8802.92
8768.78
8743.64
8796.62
8756.41
8793.74
8997.93
9004.61
9004.0
9016.89
9055.68
9123.98
9185.24
9200.07
9208.74
9229.83
9239.81
9215.06
9202.3
9202.17
9235.01
9210.87
9179.42
9200.01
9200.97
9192.37
9198.98
9177.98
9217.02
9197.42
9176.67
9189.62
9192.99
9222.05
9251.65
9243.31
9283.03
9304.68
9300.17
9295.62
9298.99
9325.99
9346.88
9350.07
9339.64
9318.06
9292.1
9292.08
9306.62
9297.9
9318.04
9340.49
9327.84
9323.51
9359.2
9381.75
9361.89
9363.68
9413.41
9394.57
9392.0
9347.62
9339.83
9317.56
9308.0
9317.9
9303.24
9318.5
9331.43
9360.51
9351.59
9406.08
9344.06
9343.61
9347.52
9378.01
9345.97
9232.14
9300.01
9289.75
9280.41
9291.59
9247.43
9221.38
9312.5
9403.52
9388.86
9423.5
9457.8
9453.11
9394.09
9415.61
9381.27
9447.0
9471.87
9275.25
9271.94
9327.99
9307.26
9307.65
9319.18
9252.35
9243.86
9267.15
9208.8
9169.99
9160.26
9186.92
9162.49
9143.77
9138.25
9153.97
9163.86
9164.05
9170.61
9200.0
9214.68
9151.69
9155.4
9150.0
9158.02
9157.61
9171.43
9183.8
9155.03
9180.02
9169.56
9170.01
9146.11
9234.55
9225.29
9267.35
9283.28
9277.99
9289.03
9346.57
9379.32
9334.54
9325.95
9307.58
9317.83
9295.19
9318.69
9334.7
9307.02
9310.17
9341.28
9335.97
9345.01
9374.63
9333.01
9258.33
9236.2
9227.84
9225.18
9235.04
9225.3
9236.8
9223.24
9260.94
9263.88
9264.93
9268.54
9246.88
9203.87
9282.99
9214.66
9178.1
9191.37
9169.18
9164.46
9100.39
9130.52
9122.97
9207.9
9180.47
9180.33
9112.14
9158.21
9111.91
9133.63
9098.53
9098.51
9086.98
9135.68
9102.54
9135.43
9154.0
9120.06
9139.85
9180.94
9244.34
9244.7
9267.91
9263.09
9235.87
9265.7
9315.08
9317.53
9122.03
9072.39
9045.13
9124.42
9103.51
9125.68
9181.02
9098.12
9109.13
9100.75
9077.78
9150.25
9171.01
9226.28
9144.59
9183.01
9217.96
9161.09
9112.14
9063.7
9100.19
9092.69
9041.99
9133.64
9111.12
9114.99
9230.0
9199.58
9161.9
9234.09
9209.55
9259.4
9287.96
9313.51
9390.89
9364.11
9432.41
9459.11
9420.11
9447.72
9241.43
9366.38
9322.43
9326.0
9363.0
9379.89
9346.39
9417.51
9436.98
9458.02
9391.24
9430.23
9456.45
9437.86
9400.37
9421.49
9302.2
9268.68
9300.04
9285.61
9219.51
9463.82
9473.95
9456.96
9422.21
9371.75
9386.39
9369.59
9405.0
9343.23
9368.2
9341.92
9417.45
9424.74
9398.18
9377.37
9463.09
9459.1
9637.77
9637.78
9637.32
9756.18
9757.39
9700.13
9547.18
9556.39
9633.22
9622.78
9745.01
9641.9
9671.08
9698.72
9555.0
9539.65
9448.81
9324.85
9280.99
9389.49
9262.77
9275.3
9168.0
9214.48
9206.13
9134.0
9175.0
9197.56
9199.24
9244.11
9272.28
9178.07
9250.0
9141.77
9014.76
9079.84
9159.78
9164.21
9201.12
9169.07
9098.48
9286.87
9243.28
9263.77
9170.26
9397.32
9497.67
9615.13
9620.39
9642.79
9600.0
9665.59
10114.94
9212.84
8670.24
8610.73
8605.18
8565.36
8651.2
8639.41
8500.0
8411.02
8289.82
7678.79
7680.09
7632.28
7583.8
7592.25
7466.24
7460.07
7479.89
7459.7
7463.24
7443.7
7459.98
7449.21
7452.73
7419.46
7458.57
7462.54
7446.52
7456.0
7485.13
7462.76
7440.3
7470.61
7453.74
7482.4
7464.67
7460.96
7439.46
7444.55
7457.97
7462.74
7432.17
7370.37
7419.37
7425.87
7420.27
7434.99
7447.12
7467.76
7468.81
7423.65
7440.01
7490.05
7495.01
7513.26
7504.88
7474.94
7433.42
7471.79
7473.71
7539.41
7969.1
8006.2
7991.05
7977.3
7962.78
7970.67
7956.01
7967.13
7957.67
8038.13
8036.88
8032.19
8023.14
8065.25
8103.84
8124.65
8170.46
8204.88
8212.0
8212.08
8219.55
8206.32
8229.62
8246.78
8293.02
8251.66
8286.71
8266.2
8221.06
8210.21
8223.63
8229.36
8219.16
8201.67
8180.37
8195.31
8212.76
8197.56
8222.92
8206.47
8195.75
8178.96
8203.04
8183.0
8188.9
8250.62
8241.63
8235.01
8231.69
8279.46
8210.57
8225.98
8228.36
8240.13
8241.78
8230.89
8233.71
8255.28
8230.0
8221.53
8227.0
8211.77
8212.02
8225.06
8238.5
8150.94
8150.04
8072.09
8032.74
8011.81
7963.08
7962.76
7942.37
7935.03
7950.0
7935.01
7919.17
7930.52
7922.02
7917.34
7914.32
7901.69
7909.85
7917.13
7960.0
7944.53
7966.41
7943.0
7985.04
7986.03
8005.62
7984.81
7991.86
8014.33
8027.52
8043.93
7955.05
7944.69
7962.47
7963.69
7938.36
7941.57
7936.62
7954.41
7952.75
7930.05
7928.51
7939.62
7960.68
7969.72
7957.12
7944.99
7957.51
7936.29
7942.18
7927.04
7918.66
7916.36
7940.86
7922.95
7922.83
7902.82
7906.87
7874.05
7912.04
7921.75
7905.97
8072.79
8071.61
8088.09
8112.44
8089.22
8074.43
8057.95
8068.29
8049.6
8060.88
8080.4
8091.93
8088.05
8081.0
8049.13
8065.25
8048.08
8063.04
8075.52
8056.0
8044.19
7974.2
7964.6
7984.89
7945.04
7970.35
7983.5
7966.05
7968.29
8002.22
8001.7
7986.67
7986.49
7953.33
7968.38
7972.33
7968.18
7949.67
7957.29
7995.39
7989.82
8052.43
8148.63
8142.92
8133.67
8134.68
8153.46
8169.21
8169.7
8157.99
8154.44
8170.67
8169.4
8162.95
8141.67
8153.49
8142.44
8176.23
8182.07
8164.54
8188.99
8329.35
8260.04
8305.0
8315.94
8296.8
8313.68
8280.99
8292.02
8288.44
8311.41
8324.76
8329.95
8319.15
8336.3
8335.0
8362.57
8355.87
8346.99
8319.94
8342.95
8335.02
8363.19
8340.0
8334.18
8260.46
8267.86
8294.97
8260.45
8295.59
8313.38
8312.1
8311.88
8304.31
8322.41
8320.01
8285.94
8293.0
8297.71
8294.96
8276.0
8275.99
8287.74
8255.12
8267.73
8445.0
8433.9
8428.66
8438.12
8423.07
8430.7
8433.53
8422.07
8370.97
8344.76
8353.83
8355.21
8332.97
8314.31
8329.46
8344.43
8341.87
8348.11
8357.24
8340.12
8314.22
8334.58
8345.3
8346.98
8318.09
8324.01
8335.36
8344.09
8399.0
8393.1
8340.91
8343.69
8325.91
8320.45
8345.97
8352.79
8346.88
8350.22
8336.01
8325.79
8318.12
8312.9
8315.59
8286.69
8272.76
8326.18
8323.81
8342.52
8354.52
8321.17
8343.37
8346.48
8351.44
8324.35
8351.51
8349.66
8311.87
8380.09
8349.99
8375.1
8403.75
8431.25
8443.4
8727.6
8578.48
8542.26
8550.87
8536.36
8589.51
8587.64
8565.24
8585.76
8582.97
8546.86
8527.25
8554.29
8558.51
8511.34
8507.53
8493.49
8555.89
8540.48
8542.45
8573.59
8625.7
8608.77
8575.18
8587.13
8569.02
8563.0
8564.99
8583.44
8592.01
8583.83
8565.12
8590.49
8611.53
8617.79
8641.68
8584.04
8574.49
8452.1
8239.97
8164.15
8186.87
8215.23
8194.37
8188.4
8175.86
8145.0
8153.36
8127.61
8130.38
8159.27
8173.1
8187.16
8188.17
8198.93
8164.0
8128.26
8169.32
8196.39
8181.09
8175.88
8192.09
8200.0
8211.03
8234.33
8187.01
8170.73
8178.16
8177.3
8217.54
8249.01
8259.08
8238.42
8279.66
8285.92
8304.39
8235.09
8208.67
8247.61
8205.31
8214.93
8235.44
8251.47
8274.39
8249.64
8197.46
8169.99
8164.32
8117.42
7986.37
8004.38
7925.91
7895.37
7860.14
7834.14
7842.79
7843.76
7874.02
7829.07
7815.0
7824.03
7860.01
7854.01
7928.02
7910.82
7905.19
7849.0
7997.0
8006.8
8022.6
7921.83
7918.41
7964.22
7962.69
7924.97
7953.43
7895.62
7986.75
7983.15
8075.92
8095.16
8064.95
8075.9
8074.54
8151.59
8150.97
8150.06
8164.45
8106.59
8090.25
8080.58
8056.73
8078.18
8081.16
8040.63
8088.25
8083.45
8101.51
8109.06
8100.19
8107.48
8137.67
8146.99
8133.85
8144.25
8147.95
8150.3
8131.29
8133.26
8157.3
8187.2
8188.39
8170.58
8203.17
8197.47
8182.73
8194.15
8159.58
8173.04
8178.28
8133.5
8160.25
8128.14
8129.91
8100.31
8141.37
8116.87
8105.41
8071.28
8108.09
8110.0
8127.69
8206.45
8206.45
8197.63
8181.26
8147.7
8160.99
8146.07
8147.5
8183.9
8114.94
8116.53
8222.68
8238.77
8232.39
8221.23
8288.81
8296.94
8278.99
8283.0
8309.66
8354.28
8346.13
8367.1
8348.25
8347.99
8384.51
8287.91
8272.46
8236.46
8269.71
8236.94
8242.69
8236.96
8249.43
8250.59
8226.23
8231.79
8296.47
8264.99
8250.04
8251.37
8218.32
8221.84
8188.81
8233.5
8284.42
8271.83
8299.06
8317.91
8330.62
8351.0
8326.51
8381.95
8316.27
8311.51
8295.89
8454.13
8394.0
8353.03
8367.48
8340.53
8383.39
8330.0
8345.27
8395.49
8438.73
8407.5
8439.0
8442.18
8425.8
8437.37
8288.8
8224.44
8301.76
8246.13
8264.22
8235.0
8279.2
8286.0
8257.82
8284.3
8293.33
8218.68
8124.41
8013.94
8045.97
8061.24
8006.38
7876.72
7804.08
7755.79
7797.82
7815.55
7978.82
7988.28
8022.91
8026.44
8056.19
8087.54
8053.52
8008.82
7958.26
7983.81
7996.59
8038.42
7969.01
7976.67
7999.51
8001.23
8094.38
8089.02
8102.74
8109.56
8104.1
8100.04
8138.65
8129.51
8142.51
8166.45
8186.26
8216.33
8227.28
8163.48
8141.11
8168.68
8160.66
8152.07
8165.84
8111.39
8091.3
8088.47
8129.02
8098.64
8159.55
8199.61
8235.12
8194.64
8227.38
8170.43
8174.22
8192.73
8184.56
8192.07
8182.47
8221.03
8197.0
8200.01
8238.42
8063.75
8003.77
8030.0
8040.4
8013.88
7991.7
7965.04
8003.11
7995.41
7979.11
8059.97
8042.51
8068.58
8046.12
8027.42
7986.21
8000.69
8017.77
7997.71
8007.99
7978.62
8065.1
8127.07
8082.32
8097.5
8122.13
8113.2
7923.54
7936.4
7915.6
8184.07
8255.96
8422.86
8385.47
8451.34
8444.97
8409.14
8374.49
8385.77
8393.54
8359.07
8368.01
8370.01
8344.01
8374.15
8431.9
8441.73
8588.77
8513.94
8353.97
8345.36
8378.73
8339.38
8290.01
8377.29
8394.62
8312.0
8343.39
8424.41
8403.21
8271.73
8338.9
8466.87
8509.0
8522.34
8580.0
8599.95
8700.0
8716.0
8543.36
8689.91
8664.83
8580.3
8397.37
8617.79
9461.81
9466.67
9506.16
9512.16
9616.14
9674.55
9715.32
9728.71
9724.76
9715.91
9745.8
9734.83
9750.0
9718.41
9705.64
9715.39
9720.29
9735.0
9693.28
9711.69
9744.29
9763.32
9800.84
9820.0
9775.37
9790.01
9857.81
9902.1
9899.18
9913.23
9911.63
9923.69
9947.89
9925.71
9891.93
9906.06
9948.93
9972.16
9974.22
9967.09
9986.88
9996.6
10031.31
10043.26
10051.97
10010.0
9989.89
9979.01
9993.82
10012.35
9993.51
9987.52
9987.5
10027.79
10003.45
10001.71
10017.03
10018.38
10029.49
9926.52
9930.59
9887.81
9875.08
9919.37
9905.69
9948.57
9980.93
9990.48
9982.82
9963.33
10018.03
9996.77
9973.74
10003.5
10039.81
10002.23
10010.78
9978.8
10050.8
9988.43
9993.13
10025.91
10081.59
10063.79
10105.69
10096.98
10129.84
10121.27
10149.7
10161.94
10168.86
10141.43
10127.44
10138.64
10152.62
10158.8
10113.67
10085.71
10171.6
10178.32
10173.72
10215.74
10163.91
10157.23
10142.02
10147.15
10162.18
10173.96
10175.62
10217.81
10238.95
10198.99
10213.19
10236.22
10239.97
10239.96
10270.37
10255.64
10107.23
10043.42
10044.98
10051.79
9889.26
9861.68
9865.64
9877.71
9858.97
9850.04
9875.61
9879.48
9876.69
9870.64
9883.64
9803.64
9814.55
10097.04
10129.03
10177.0
10162.8
10162.76
10197.46
10193.96
10176.95
10175.87
10191.3
10188.73
10171.6
10180.02
10196.7
10194.14
10157.91
10177.34
10174.0
10175.17
10208.19
10215.58
10215.01
10223.78
10213.55
10232.7
10253.16
10215.13
10192.0
10232.73
10219.39
10260.91
10256.79
10240.01
10248.93
10261.09
10210.28
10216.27
10175.83
10212.08
10166.32
10170.01
10154.18
10175.03
10210.29
10202.69
10219.02
10220.01
10250.0
10239.46
10228.75
10228.17
10271.26
10304.78
10302.9
10214.55
10130.01
10128.99
10139.0
10149.58
10111.76
10135.82
10137.38
10145.39
10282.0
10311.99
10313.32
10309.02
10317.92
10318.6
10331.33
10332.85
10316.55
10358.71
10373.01
10350.81
10314.68
10301.91
10301.35
10279.78
10313.26
10307.02
10329.91
10314.15
10319.0
10284.66
10290.85
10333.63
10327.23
10322.22
10296.17
10316.42
10330.01
10343.14
10343.78
10338.15
10330.06
10348.95
10361.14
10345.73
10360.29
10361.52
10400.47
10420.32
10388.91
10407.14
10395.27
10377.51
10378.62
10365.64
10333.72
10278.89
10309.58
10323.08
10315.07
10322.33
10337.31
10306.52
10312.31
10293.24
10313.0
10307.78
10333.94
10329.19
10359.27
10299.92
10315.42
10273.1
10223.75
10231.28
10230.86
10309.68
10315.83
10321.68
10330.0
10355.5
10322.73
10301.44
10336.45
10300.77
10319.67
10334.65
10327.49
10356.0
10393.16
10387.43
10365.0
10389.19
10432.63
10410.07
10403.18
10327.34
10308.74
10303.12
10304.15
10277.83
10332.07
10313.46
10356.0
10233.88
10166.01
10155.62
10132.55
10144.28
10075.5
10059.53
10084.34
10085.02
10110.81
10114.99
10123.01
10146.01
10161.12
10148.53
10173.23
10100.06
10080.79
10063.75
10041.94
10050.1
9977.85
10025.73
10032.11
10092.86
10063.76
10076.01
9999.11
9994.27
10050.72
9993.9
10018.63
10047.79
10083.83
10066.1
10077.79
10137.79
10100.0
10085.86
10099.55
10046.07
10012.61
10192.93
10214.84
10227.92
10166.22
10211.0
10247.8
10259.92
10260.66
10243.87
10247.43
10263.01
10277.81
10271.8
10269.49
10304.96
10311.07
10294.73
10335.01
10352.06
10313.99
10345.0
10293.34
10232.37
10312.71
10255.37
10270.51
10249.99
10322.64
10345.0
10340.71
10369.02
10428.95
10249.38
10247.07
10146.72
10144.88
10246.19
10308.14
10326.98
10307.94
10316.23
10400.31
10409.01
10406.94
10398.83
10417.66
10367.63
10355.0
10351.26
10388.88
10425.51
10410.01
10430.16
10388.96
10409.42
10408.0
10514.77
10517.41
10527.91
10546.57
10568.0
10555.61
10571.37
10566.01
10492.5
10507.54
10512.44
10483.37
10511.94
10532.19
10521.51
10497.65
10478.5
10510.51
10518.0
10484.55
10424.33
10402.8
10378.18
10427.13
10372.01
10401.39
10413.87
10386.59
10354.45
10365.0
10360.49
10346.12
10348.95
10371.41
10351.0
10351.0
10350.0
10431.06
10365.18
10383.98
10363.48
10433.41
10890.17
10885.66
10866.95
10844.18
10870.49
10867.48
10757.73
10741.0
10734.75
10757.86
10745.88
10715.97
10720.63
10664.47
10673.87
10585.63
10600.0
10600.0
10586.83
10555.06
10518.0
10538.69
10542.79
10504.45
10536.99
10562.53
10552.47
10613.5
10575.87
10570.1
10637.33
10572.09
10590.29
10555.31
10544.41
10618.04
10589.86
10574.37
10556.59
10548.4
10523.9
10584.13
10572.68
10674.0
10627.82
10717.13
10600.0
10650.74
10580.21
10417.86
10400.02
10411.46
10492.67
10537.53
10569.75
10512.75
10520.07
10576.23
10587.93
10581.04
10593.15
10630.07
10550.99
10525.0
10587.79
10625.2
10711.4
10700.0
10711.22
10669.77
10632.86
10618.9
10671.51
10687.81
10641.24
10685.0
10576.95
10435.13
10392.8
10314.0
10371.19
10383.92
10404.99
10420.17
10415.06
10419.11
10393.54
10353.68
10404.78
10392.28
10390.28
10387.5
10386.22
10191.28
10148.83
10095.51
9947.7
9904.87
9928.17
9919.33
9843.44
9849.82
9801.96
9792.0
9768.0
9775.49
9762.01
9779.97
9792.0
9771.76
9795.82
9769.38
9781.91
9773.12
9795.12
9700.29
9639.74
9638.05
9612.47
9604.8
9594.36
9630.32
9593.4
9588.4
9590.7
9589.84
9595.31
9609.19
9606.18
9629.57
9624.69
9621.82
9633.38
9633.77
9620.98
9626.65
9627.77
9604.43
9628.23
9670.13
9495.5
9584.42
9582.07
9599.51
9605.22
9602.2
9588.34
9606.59
9604.68
9574.28
9592.56
9585.19
9573.78
9594.37
9602.71
9619.38
9624.06
9620.09
9625.45
9626.91
9593.91
9581.96
9598.71
9593.71
9623.56
9574.75
9511.29
9546.18
9575.87
9589.13
9581.22
9608.23
9587.23
9573.57
9573.74
9573.96
9521.89
9481.89
9482.14
9503.77
9486.35
9462.64
9431.56
9457.75
9454.26
9488.28
9485.84
9509.57
9523.74
9498.36
9491.72
9531.4
9475.0
9500.0
9403.63
9456.69
9451.33
9456.04
9449.35
9476.66
9400.84
9378.47
9541.15
9587.84
9610.51
9589.71
9672.86
9687.42
9691.95
9726.85
9733.31
9723.03
9670.66
9667.52
9700.39
10190.12
10225.8
10238.78
10212.04
10181.25
10159.67
10141.94
10116.02
10148.71
10118.25
10152.27
10178.7
10132.79
10070.56
10088.32
10114.01
10099.99
10143.69
10175.8
10133.98
10136.87
10143.72
10158.26
10182.73
10179.49
10171.53
10180.83
10160.93
10168.34
10104.93
10108.52
10137.79
10133.66
10186.61
10172.8
10197.64
10234.46
10154.18
10181.39
10223.16
10303.6
10338.72
10367.23
10305.83
10261.97
10257.97
10323.66
10291.88
10310.7
10329.16
10325.62
10324.12
10350.99
10365.67
10389.53
10359.39
10359.6
10337.55
10332.77
10380.87
10359.01
10344.42
10296.6
10404.84
10454.9
10508.52
10135.59
10060.98
9999.47
10002.22
10074.37
10080.07
10079.8
10059.15
10063.38
10059.65
10256.53
10326.57
10119.24
10140.84
10158.26
10095.05
10118.3
10085.83
10075.23
10038.38
10142.12
10136.2
10096.42
10140.0
10151.83
10167.82
10078.67
10111.56
10109.11
10077.32
10054.13
10075.4
10000.01
9999.92
9990.25
9987.8
10020.12
9990.47
9987.35
10120.48
10317.42
10328.0
10350.25
10354.06
10362.35
10352.09
10393.77
10419.0
10408.14
10395.1
10427.87
10363.83
10428.94
10429.16
10416.5
10415.0
10409.3
10418.63
10370.25
10223.49
10144.57
10143.46
10126.05
10177.17
10246.06
10231.96
10147.65
10179.71
10153.83
10100.0
10103.28
10130.35
10164.82
10167.64
10130.4
10181.56
10175.21
10188.61
10162.4
10118.23
10105.35
10097.56
10115.05
10044.27
9954.28
10010.06
9974.83
9922.2
9966.44
10000.0
9964.47
9957.07
9868.46
9914.56
9813.34
10070.31
10132.44
10066.53
10044.59
10154.65
10102.93
10065.93
10107.58
10119.48
9970.31
9999.95
9937.57
9950.03
10156.37
10122.7
10198.03
10144.04
10093.64
10158.41
10218.87
10174.68
10296.58
10611.23
10685.1
10703.78
10747.06
10834.4
10793.97
10707.51
10735.38
10742.94
10752.84
10742.06
10728.23
10600.01
10663.2
10642.31
10707.25
10656.76
10703.05
10711.33
10827.09
10806.95
10768.31
10811.83
10792.92
10880.24
10880.8
10893.96
10919.99
10778.02
10721.45
10673.38
10696.96
10731.73
10722.03
10681.32
10724.45
10739.17
10720.28
10694.8
10680.77
10702.0
10673.69
10698.21
10730.0
10482.23
10375.43
10377.03
10409.68
10400.28
10352.62
10325.22
10317.97
10355.72
10419.87
10368.4
10379.87
10385.0
10393.28
10438.55
10396.93
10396.52
10442.67
10380.98
10385.06
10372.9
10189.73
10113.28
10139.15
10169.35
10144.38
10126.56
10116.2
10155.41
10180.0
10214.98
10198.84
10229.02
10148.01
10067.61
10178.33
10189.9
10064.09
10299.99
10329.74
10318.55
10362.05
10345.76
10340.43
10392.29
10443.91
10396.76
10375.93
10350.35
10385.63
10352.3
10306.38
10337.91
10398.49
10269.86
10360.22
10403.2
10440.67
10393.29
10469.01
10432.46
10382.2
10410.0
10382.62
10080.2
10113.47
10213.89
10139.0
10089.68
10090.46
10058.7
9925.36
9946.99
9879.62
10103.5
10317.24
10329.07
10345.74
10295.66
10297.86
10374.15
10329.11
10370.33
10098.04
10033.8
10021.53
10050.33
10089.72
10003.82
9999.2
9973.93
10144.84
10036.3
9968.47
9825.0
9841.71
9584.03
9695.0
9715.01
9815.49
9985.41
10044.27
10078.53
10016.88
10211.39
10183.34
10168.59
10120.1
10163.92
10214.69
10311.05
10471.16
10475.01
10579.3
10584.01
10522.06
10495.54
10468.74
10419.83
10563.8
10580.0
10564.81
10532.23
10601.91
10636.45
10561.2
10725.01
10857.49
10857.79
10844.22
10881.06
10893.44
10877.44
10860.98
10808.06
10898.44
10948.07
11124.98
11209.74
11247.55
11219.69
11288.26
11316.47
11344.16
11349.36
11365.18
11338.85
11375.0
11381.04
11399.41
11409.99
11381.51
11400.0
11392.01
11416.59
11438.55
11403.5
11399.92
11400.82
11374.99
11365.69
11385.1
11365.08
11323.62
11376.99
11340.14
11359.07
11395.96
11365.06
11377.21
11413.85
11429.93
11435.55
11475.56
11467.2
11527.27
11504.84
11500.38
11408.39
11365.0
11378.88
11361.27
11389.53
11376.43
11380.86
11382.89
11423.01
11462.14
11326.64
11339.19
11312.61
11338.76
11325.0
11354.66
11355.01
11372.66
11342.3
11342.61
11375.07
11284.24
11286.58
11299.8
11316.27
11309.2
11358.27
11367.76
11335.8
11388.95
11386.46
11415.44
11407.03
11355.0
11856.91
11881.58
11842.99
11815.86
11809.73
11832.92
11798.17
11831.73
11787.6
11904.0
11899.31
11857.08
11825.01
11911.1
11860.0
11806.66
11814.23
11767.88
11760.53
11723.04
11767.83
11804.18
11741.03
11677.51
11699.27
11742.48
11791.6
11836.64
11841.08
11839.86
11885.51
11856.76
11907.94
11843.87
11843.87
11843.87
11822.45
11716.45
11597.65
11556.77
11625.82
11555.93
11701.86
11674.42
11703.3
11704.22
11846.99
11820.01
11839.86
11859.16
11896.92
11888.29
11834.56
11928.8
11947.28
11942.0
11921.84
11877.4
11962.77
11972.53
11967.54
11926.29
11852.05
11776.18
11732.65
11770.51
11640.0
11650.0
12075.77
12029.65
11767.63
11723.23
11613.25
11605.49
11557.13
11524.33
11604.22
11589.85
11673.02
11620.0
11616.93
11513.79
11467.48
11464.34
11298.99
11370.92
11638.58
11691.03
11726.58
11697.9
11779.47
11702.27
11730.62
11798.38
11650.0
11770.83
11750.01
12242.01
12221.43
12189.45
12125.31
11794.96
11665.46
11665.47
11654.94
11665.89
11765.02
11815.28
11798.96
11744.48
11740.53
11765.01
11829.98
11793.49
11886.91
11775.03
11790.31
11770.0
11806.92
11797.77
11644.1
11748.6
11770.76
11686.19
11616.31
11563.31
11572.92
11589.84
11600.0
11418.18
11221.8
10975.0
10983.16
10969.19
10951.09
10937.01
10944.03
10940.38
10963.36
10980.01
10805.35
10678.51
10670.24
10685.63
10734.35
10737.69
10694.86
10686.11
10730.89
10623.42
10637.62
10775.01
10838.77
10869.46
10861.87
10817.34
10831.6
10830.0
10893.95
10856.48
10853.8
10832.43
10816.67
10760.55
10803.37
10807.78
10753.47
10755.48
10794.34
10777.06
10798.72
10826.32
10797.69
10792.49
10850.87
10790.16
10788.0
10648.37
10524.55
10528.81
10519.34
10436.6
10408.29
10472.41
10463.2
10455.82
10435.32
10617.66
10591.4
10544.02
10562.25
10485.95
10518.95
10471.78
10519.79
10535.0
10487.81
10431.24
10387.96
10351.99
10396.78
10401.88
10388.67
10409.99
10401.95
10427.85
10406.2
10293.81
10195.38
10115.83
10062.25
10025.0
10000.41
10053.43
10029.38
9979.57
9953.92
9963.15
9988.52
9972.0
9954.49
9931.63
9993.47
10020.96
10039.64
10043.75
10059.05
10079.54
10018.3
10050.71
10024.41
9999.0
9985.1
10031.28
9984.84
10057.66
9970.78
9957.42
9841.94
9770.29
9775.53
9757.99
9760.1
9736.1
9770.12
9707.08
9686.03
9689.92
9684.0
9712.24
9714.83
9599.07
9585.21
9580.5
9528.49
9611.04
9650.01
9633.96
9696.89
9695.64
9556.64
9556.01
9548.43
9538.42
9485.3
9493.01
9474.78
9493.61
9496.97
9446.19
9427.37
9424.51
9408.96
9463.98
9520.01
9504.23
9508.9
9504.85
9516.0
9471.77
9504.77
9474.11
9527.38
9514.89
9514.0
9529.53
9512.36
9452.0
9485.11
9471.28
9542.66
9591.0
9588.63
9607.18
9637.17
9622.65
9635.78
9668.69
9522.0
9523.42
9510.99
9450.0
9513.4
9543.53
9528.9
9531.83
9515.7
9509.63
9488.06
9479.95
9488.43
9514.75
9455.94
9469.99
9522.06
9476.61
9501.56
9501.38
9495.01
9466.06
9449.77
9466.15
9414.78
9478.3
9434.91
9504.39
9444.12
9406.0
9394.21
9452.45
9434.96
9429.8
9430.32
9426.01
9410.0
9503.02
9502.59
10060.09
10071.16
10071.43
10080.0
10077.34
10136.75
10131.2
10133.83
10131.0
10154.99
9851.02
9794.02
9840.49
9845.17
9865.69
9828.22
9790.29
9812.22
9801.3
9784.06
9790.09
9794.91
9801.91
9776.66
9787.84
9791.2
9781.78
9704.0
9730.7
9738.08
9708.52
9703.37
9720.01
9723.55
9910.54
9907.7
9892.63
9875.42
9852.73
10007.3
9988.7
9987.28
9997.08
9975.24
9970.0
10170.0
10099.52
10086.6
10080.0
10101.29
10067.0
10102.84
10087.71
10065.0
10121.72
10091.22
10096.04
10124.11
9770.17
9774.99
9776.0
9678.36
9648.08
9631.4
9611.52
9571.61
9906.0
9851.51
9706.4
9747.51
9711.25
9700.91
9753.51
9747.19
9697.84
9681.9
9683.7
9638.74
9636.47
9691.53
9690.37
9682.78
9842.72
10025.0
10125.95
10155.0
10147.35
10092.36
10011.26
9991.2
9939.13
9977.58
9954.74
9982.7
10018.5
9985.03
9965.9
9949.72
10022.51
10028.59
10145.32
10206.73
10234.12
10279.5
10212.07
10251.42
10326.64
10287.79
10276.39
10331.8
10118.1
10272.73
10346.12
10227.4
10233.57
10217.09
10502.64
10535.44
10540.93
10488.07
10458.24
10539.83
10599.99
10609.4
10612.06
10564.93
10626.59
10624.53
10602.86
10586.72
10590.0
10555.12
10572.58
10513.39
10406.57
10501.54
10432.96
10384.61
10471.77
10385.47
10550.0
10565.47
10580.29
10561.12
10689.57
10684.79
10607.19
10599.91
10592.36
10655.08
10596.18
10676.97
10809.39
10798.2
10753.17
11010.7
10971.51
10940.8
10938.7
10947.26
10926.04
10825.0
10667.76
10620.14
10558.09
10538.29
10601.15
10596.2
10597.03
10575.28
10595.98
10630.0
10606.44
10633.18
10533.46
10531.92
10447.0
10473.4
10535.46
10482.99
10576.74
10514.69
10407.22
10395.99
10437.32
10390.45
10413.35
10327.78
10323.28
10511.9
10291.24
10345.76
10362.71
10387.69
10645.92
10496.02
10536.57
10459.43
10599.42
10633.68
10598.45
10689.64
10647.85
10618.08
10606.18
10620.6
10530.58
10504.72
10542.04
10500.25
10475.96
10309.61
9412.31
9397.58
9773.39
9835.0
9765.16
9715.16
9805.26
9877.89
9842.91
9919.44
9734.49
9810.01
9777.05
9624.18
9703.58
9749.79
9857.21
9700.0
9739.31
9950.03
9800.51
9718.8
9755.0
9701.08
9514.11
9480.62
9174.71
9380.0
9467.66
9526.16
9574.64
9539.28
9558.22
9465.08
9411.77
9364.06
9459.07
9502.0
9429.05
9483.77
9650.81
9602.69
9696.73
9600.0
9690.24
9890.0
10524.11
10436.14
10409.32
10516.85
10717.31
10722.37
10685.52
10844.08
10771.04
10709.21
10789.24
10779.01
10727.8
10770.0
10940.87
10923.15
10850.0
10930.84
10761.85
10831.79
10860.02
10915.35
10522.35
10647.0
10575.92
10560.78
10391.8
10110.21
10313.0
10284.42
10337.91
10195.37
10331.73
10170.85
10174.68
10157.22
10258.63
10100.0
10061.61
10020.0
10200.8
10496.2
10666.59
10651.95
10482.81
10481.78
10586.28
10583.69
10411.65
10627.44
10634.09
10714.28
10659.81
10733.22
10820.84
11092.5
11146.64
11232.24
11247.99
11193.31
11300.52
11349.94
11399.53
11327.92
11374.76
11274.96
11047.47
10914.54
11202.86
11134.23
11357.44
11349.51
11417.79
11335.04
11379.49
11330.0
11290.0
11319.36
11549.91
11567.94
11496.06
11584.24
11663.17
11640.0
11631.13
11692.21
11713.81
11768.19
11776.4
11813.4
11809.13
11909.73
11631.51
11609.99
11645.94
11556.06
11519.74
11638.31
11682.56
11675.85
11709.0
11659.0
11670.11
11618.24
11675.08
11425.45
11382.16
11321.91
11190.12
11379.28
11427.17
11481.46
11319.42
11327.88
11303.53
11166.64
11599.97
11680.05
11718.99
11711.47
11540.2
11777.77
11637.5
11594.93
11613.59
11460.7
11490.51
11435.63
11611.76
11565.6
11463.95
11388.78
11701.0
11950.91
11995.63
11922.85
12097.34
12076.86
11940.0
11784.23
12053.0
12213.66
12294.28
12299.8
12373.0
12435.62
13061.92
13057.9
13014.4
13012.43
12970.09
12956.06
12880.0
12965.09
13047.95
13036.44
12982.8
13063.31
12913.99
12891.65
12570.42
12587.42
12565.6
12399.2
12514.29
12611.8
12550.0
12558.1
12403.31
12333.36
12409.92
12387.62
12301.76
12300.57
12680.0
12576.1
12453.22
12777.45
12679.63
12726.47
12679.69
12673.22
12553.0
12268.51
12307.13
12326.7
12343.57
12213.67
12227.93
11867.5
11914.57
11883.14
11891.05
11896.32
11904.85
11891.87
11948.24
11920.0
11850.0
11767.75
11482.17
11432.59
11477.13
11480.0
11426.5
11400.0
11455.26
11426.0
11475.07
11423.0
11526.25
11515.8
11547.98
11470.47
11502.04
11201.6
11254.97
11358.05
11383.54
11355.72
11340.05
11294.05
11249.4
11199.49
11193.62
11192.47
11234.94
11283.47
11148.88
11187.23
11225.98
11191.96
11242.22
11232.19
11189.46
11471.16
11507.72
11492.82
11588.69
11609.99
11632.9
11432.66
11395.87
11451.96
11421.5
11388.95
11435.27
11347.94
11445.49
11400.0
11362.42
11437.57
11520.39
11367.0
11399.92
11453.98
10997.3
10945.0
11081.51
11026.72
11141.43
11223.81
11314.38
11166.81
11265.58
11373.0
11181.56
11203.46
11202.64
11296.91
11214.35
10877.94
10975.65
10851.48
11140.0
11149.98
11134.01
11097.23
11220.0
11161.26
11144.85
11619.73
11577.81
11728.6
11854.83
11843.12
11876.64
11786.93
11771.11
11880.0
11871.55
11798.85
11747.86
11612.66
11646.67
11797.29
11745.99
11778.48
11699.75
11663.97
11900.0
11921.94
11897.04
11849.36
11987.32
11935.63
11395.0
11383.36
11282.05
11256.21
11185.04
11186.96
11466.89
11410.95
11267.97
11375.56
11192.85
11353.56
11261.18
11052.85
11282.8
11465.22
11484.05
11282.27
11320.35
11170.17
11359.4
11253.5
10833.82
10793.9
10677.4
10700.0
10770.02
10700.1
10721.24
10492.63
10598.86
10535.12
9920.61
10011.12
9948.18
10018.06
10144.43
10204.54
9830.0
9769.86
10451.1
10451.1
10451.1
10451.1
10451.1
10451.1
10451.1
10451.1
10539.1
10480.67
10206.06
10258.01
10251.6
10272.25
10344.31
10207.75
10544.5
10608.55
10973.17
10903.68
11033.22
11092.85
10893.06
10873.71
11006.21
11100.84
11076.99
11000.0
10880.65
11013.04
10746.0
10908.97
11265.34
11400.93
11225.14
11177.95
11275.19
11196.61
11051.31
11143.71
11080.34
11563.78
11507.35
11503.48
11780.93
11780.19
11693.89
11900.01
11957.05
12033.92
12118.22
12066.0
12091.46
12127.92
11885.94
12043.47
11943.29
12146.58
11869.09
11961.0
11949.66
11805.55
11869.16
11931.69
11978.69
12047.63
11939.99
11791.86
11581.6
11644.54
11836.12
11785.53
11533.96
11602.67
11462.11
11712.58
11805.33
12201.0
12388.24
12307.01
12285.7
12212.84
12330.95
11920.48
11825.95
11902.07
11899.96
11705.05
11871.3
11642.34
12082.03
11851.98
11876.27
11660.64
11262.13
11329.37
11096.54
11026.26
11107.27
10948.09
11251.03
11463.0
11143.74
11076.09
10715.46
10692.89
10823.74
10982.81
10775.78
10894.3
11631.43
11911.24
11613.11
11719.33
12067.54
11683.3
11781.21
11884.47
12368.26
12364.39
12806.94
12834.44
12818.84
12768.02
12712.4
13081.72
12936.45
12440.72
12435.0
12773.6
13836.74
13800.0
13453.23
13596.79
12830.1
12758.46
12895.16
12831.08
12646.31
12691.92
12333.49
12631.43
12444.09
12729.31
12451.21
12445.0
12250.0
11898.49
11881.99
11927.4
11759.9
11674.62
11552.75
11368.01
11358.02
11375.01
11330.86
11335.26
11351.99
11285.15
11303.4
11199.21
11386.46
11413.37
11340.4
11296.42
11362.96
11272.77
11303.21
11214.1
11139.05
11129.24
11131.5
11051.69
11035.0
10997.01
10935.16
10860.96
10896.29
10969.76
11022.99
11018.59
10918.44
10943.49
10841.01
10874.02
10882.3
10873.15
10882.83
10880.73
10772.19
10719.96
10787.22
10772.99
10652.59
10624.47
10636.19
10648.32
10842.82
10853.19
10888.01
11004.4
10894.01
10760.0
10690.01
10670.01
10701.0
10700.77
10591.0
10669.02
10545.57
10519.06
10614.77
10652.42
10663.47
10700.66
10753.14
10693.43
10727.38
10689.99
10832.62
10807.49
10676.48
10485.37
10580.44
10620.17
10659.04
10613.07
10703.76
10887.3
10812.45
10778.47
11123.9
11122.6
10873.89
10915.36
10935.01
10806.71
10679.53
10767.85
10731.99
10656.41
10590.84
10741.08
10495.23
10169.99
10233.92
9913.51
9929.44
9938.0
9905.81
9924.46
9919.87
9871.34
9805.01
9829.27
9769.01
9839.63
9836.63
9776.14
9786.04
9728.19
9750.08
9690.31
9759.17
9741.49
9743.4
9717.79
9733.75
9585.82
9534.88
9555.0
9522.91
9564.41
9532.82
9434.4
9363.5
9365.1
9386.16
9373.41
9322.56
9268.89
9265.38
9245.0
9231.43
9235.88
9265.8
9295.18
9295.47
9310.82
9335.38
9344.03
9261.09
9265.18
9282.65
9260.01
9225.0
9159.5
9150.81
9118.6
9148.01
9136.57
9096.16
9072.93
9131.96
9076.57
9130.81
9135.11
9109.96
9170.07
9168.51
9153.94
9178.24
9166.54
9131.12
9152.06
9135.78
9169.72
9084.31
9008.07
9015.98
9121.16
9069.68
9112.7
9060.44
8999.41
9085.0
9114.14
9182.44
9173.08
9180.14
9232.57
9220.88
9175.13
9130.0
9168.85
9157.61
9266.21
9270.94
9261.2
9301.81
9303.74
9331.03
9353.53
9293.84
9275.55
9307.2
9280.88
9255.98
9223.42
9187.84
9405.23
9292.38
9297.1
9308.64
9283.35
9189.74
9207.25
9163.54
9153.24
9174.44
9185.24
9176.51
9100.01
9140.62
9191.07
8989.89
9064.55
9034.43
8926.73
8922.8
9053.82
9049.07
9195.15
9236.52
9258.54
9236.8
9069.82
9126.0
9105.64
9062.88
9065.73
9323.36
9321.34
9335.87
9104.05
9005.0
8977.08
8960.97
8832.92
8853.3
8837.02
8831.06
8800.44
8864.57
8826.44
8833.91
8865.77
8800.04
8700.49
8650.03
8643.09
8672.78
8685.04
8669.0
8696.79
8710.34
8691.22
8712.34
8658.1
8640.0
8668.68
8628.71
8634.59
8699.71
8669.27
8611.92
8456.89
8425.0
8415.48
8399.33
8370.28
8415.32
8402.08
8408.19
8365.25
8281.85
8300.0
8293.11
8302.73
8261.53
8224.59
8237.55
8242.6
8209.98
8205.04
8194.4
8217.95
8256.09
8256.09
8318.28
8261.26
8242.25
8268.5
8186.25
8173.98
8192.72
8162.61
8154.16
8114.12
8125.83
8098.79
8110.69
8136.66
8131.83
8120.45
8133.94
8147.79
8126.23
8100.2
8143.5
8170.86
8176.44
8159.68
8161.01
8119.61
8171.95
8154.14
8158.47
8180.68
8194.98
8022.25
8023.39
8013.18
7995.41
7994.41
7967.77
7986.2
8005.91
7954.92
7977.81
7992.84
7993.57
8039.38
7856.41
7841.26
7920.63
7910.74
7916.57
7931.47
7897.16
7889.85
7888.9
7876.9
7792.81
7795.61
7814.68
7792.24
7796.18
7824.29
7940.0
7958.88
7942.57
7941.39
7959.61
7949.01
7971.16
7963.72
7976.57
8004.75
8024.35
7961.67
7950.75
7951.87
7990.0
7948.06
7948.36
7943.65
7945.35
7946.63
7950.48
7995.03
7937.26
7653.74
7700.96
7718.95
7720.01
7704.23
7643.85
7651.79
7666.31
7649.42
7620.69
7595.22
7643.46
7596.01
7667.33
7721.61
7754.44
7683.19
7656.03
7650.62
7752.86
7775.01
7761.77
7779.98
7882.04
7893.7
7902.26
7927.28
7918.99
7894.85
7905.36
7900.0
7899.5
7877.77
7894.6
7897.96
7936.35
7949.63
7896.31
7870.0
7832.87
7840.71
7853.32
7844.61
7951.26
7941.31
7979.14
7950.85
8016.34
7996.31
8003.48
7981.0
7940.06
7922.06
7953.53
7992.07
7954.01
7985.61
7978.72
8051.15
8002.98
8029.81
7963.91
7904.46
7979.04
8098.74
8101.87
8065.65
7945.81
7934.2
7984.66
7925.73
7913.24
7960.79
7960.54
7975.5
7948.94
7931.38
7808.34
7779.17
7807.85
7774.51
7799.44
7789.92
7801.0
7727.0
7748.44
7690.69
7603.51
7596.04
7652.53
7715.65
7707.37
7696.01
7739.65
7766.78
7852.77
7810.7
7780.47
7810.7
7769.05
7819.99
7792.66
7836.28
7864.04
7818.8
7840.12
7797.95
7791.42
7789.53
7736.15
7724.63
7791.58
7768.83
7802.81
7767.22
7642.72
7687.06
7779.13
7780.48
7791.17
7849.29
7795.19
7813.12
7832.5
7752.0
7755.95
7794.15
7793.78
7832.95
7750.94
7759.08
7682.81
7645.13
7445.01
7650.11
7598.61
7674.03
7596.81
7895.33
7933.5
7955.05
7995.0
7942.08
7902.02
7950.0
7943.18
7945.77
7868.9
7825.26
7922.36
7948.7
7889.0
8026.91
7990.48
7951.72
8110.99
8478.96
8486.82
8559.54
8571.82
8560.83
8483.83
8539.09
8487.03
8399.43
8442.42
8539.9
8495.85
8536.73
8473.53
8473.56
8473.33
8523.15
8594.25
8686.76
8678.7
8676.15
8688.25
8678.52
8745.75
8739.31
8708.13
8690.45
8689.12
8694.54
8670.12
8708.52
8709.82
8705.79
8693.3
8809.43
8749.85
8723.85
8726.34
8729.75
8713.4
8592.27
8602.96
8588.31
8566.07
8573.84
8577.32
8574.7
8566.1
8587.25
8598.89
8543.9
8538.75
8507.85
8531.67
8567.48
8539.87
8502.11
8520.0
8557.49
8573.33
8548.71
8578.71
8559.09
8546.9
8524.01
8480.52
8551.7
8552.05
8516.2
8516.2
8516.2
8516.2
8513.52
8530.58
8506.01
8450.7
8400.35
8411.41
8390.19
8350.95
8425.0
8422.95
8314.46
8253.6
8283.61
8304.93
8272.85
8307.7
8280.88
8227.9
8163.71
8270.0
8268.46
8330.01
8296.78
8273.76
8276.23
8218.76
8456.45
8625.45
8658.5
8623.68
8676.25
8934.06
8719.39
8708.08
8709.6
8712.06
8716.46
8708.95
8691.4
8698.35
8716.22
8708.44
8684.58
8697.22
8613.6
8635.0
8684.16
8659.18
8676.13
8659.45
8643.27
8689.38
8679.13
8675.46
8719.05
8701.01
8707.39
8734.12
8647.55
8630.01
8652.41
8625.7
8602.04
8546.08
8512.13
8475.61
8587.88
8642.2
8637.79
8659.04
8686.69
8726.4
8704.32
8714.53
8686.23
8690.0
8752.67
8756.88
8664.16
8703.0
8699.04
8657.0
8721.52
8755.8
8704.07
8721.41
8735.58
8735.25
8719.58
8750.6
8778.44
8794.15
8792.09
8793.55
8763.07
8781.16
8809.0
8817.14
8748.0
8822.52
8809.41
8707.5
8703.86
8857.38
8795.92
8814.21
8827.34
8719.43
8756.65
8760.22
8734.21
8784.62
8758.19
8743.35
8732.99
8777.03
8750.0
8834.99
8898.78
8750.01
8656.11
8654.41
8600.49
8554.05
8027.22
8001.54
8005.42
8024.64
8017.96
7996.01
7960.0
7930.0
7988.74
8019.92
8016.39
8009.24
8001.46
8000.0
8034.48
8011.2
8020.01
8052.12
8061.33
8074.87
8088.72
8050.0
8044.77
8024.34
8049.47
8073.63
8057.93
8069.21
8084.27
8059.51
8116.41
8104.35
8111.87
8081.84
8046.89
7995.0
7968.17
7983.66
8023.8
8012.0
8037.72
8052.13
8006.39
8004.36
8036.55
8062.11
8109.69
8061.58
8083.08
8076.44
8095.49
8111.69
8070.0
7990.9
8041.39
8035.8
7988.86
7969.87
7964.88
7874.23
7872.38
7841.33
7847.25
7877.36
7861.96
7858.27
7877.41
7879.92
7904.47
7922.01
7883.69
7797.98
7775.74
7775.01
7830.95
7777.28
7732.13
7668.78
7639.1
7602.45
7649.34
7571.58
7576.43
7589.74
7642.55
7632.03
7667.61
7671.41
7667.86
7623.87
7645.18
7620.0
7718.68
7672.79
7840.01
7936.15
7929.14
7907.76
7951.72
7982.02
7884.07
7864.85
7780.18
7813.51
7896.97
7891.59
7928.76
7912.66
7936.3
7952.7
7947.46
7934.14
7967.36
7954.53
8024.38
7954.49
7984.5
8000.75
8091.61
8014.13
8035.48
8019.0
7925.53
7930.92
7963.36
7930.55
7889.14
7886.37
7938.54
7993.42
7960.07
7937.12
7940.29
7908.61
7907.21
7935.21
7921.85
7940.54
7931.06
8003.97
7925.8
8060.14
8016.23
7813.02
7733.05
7767.97
7844.25
7838.94
7823.61
7747.55
7726.73
7875.72
7922.46
7903.2
7902.16
7911.77
7894.99
8023.22
8039.21
8056.93
7918.88
7977.72
7947.32
8192.44
8220.39
8093.23
8031.59
7957.96
7991.47
7989.32
7939.81
7996.52
7957.99
7878.25
7977.39
8034.01
8086.74
8091.14
7986.62
7970.83
7937.26
7941.34
7985.4
7949.2
7725.69
7611.48
7307.3
7262.52
7300.21
7340.52
7301.7
7243.39
7271.52
7291.88
7355.84
7358.13
7357.62
7331.1
7309.5
7314.57
7282.74
7305.55
7328.43
7325.16
7382.4
7442.42
7420.53
7388.93
7302.04
7274.81
7296.71
7361.92
7236.0
7258.71
7110.01
7145.39
7102.24
7059.34
7100.0
7090.0
7149.54
7192.55
7103.25
7155.45
7214.18
7284.43
7285.09
7275.12
7171.77
7137.14
7234.0
7295.47
7478.97
7817.21
7888.72
7881.38
7820.75
7926.26
7665.62
7838.36
7907.78
7919.76
7921.76
8024.22
7953.24
7859.99
7799.72
7870.69
7862.73
7960.58
7977.07
8010.72
8126.34
7994.15
7983.68
8247.34
8320.01
8320.99
8335.54
8198.47
8197.8
8146.52
8166.38
8204.41
8230.4
8113.04
8020.76
8021.32
7942.73
7989.35
7991.59
7977.12
8054.6
8078.69
7889.99
7910.26
8005.92
8026.46
7998.87
8057.12
8072.09
8016.21
8027.45
7995.48
7914.52
7779.79
7723.7
7773.49
7817.06
8059.92
8009.0
7938.18
8057.74
8155.17
8211.36
8035.08
8069.77
8069.38
7997.81
8321.0
8060.49
8001.69
8033.13
7973.21
7915.79
7997.69
7913.18
7822.67
7932.47
8100.43
7873.46
7905.36
7865.01
7831.74
7913.14
7835.41
7509.49
7388.1
7347.98
7255.8
7097.94
7089.62
7045.91
7026.46
7075.14
7044.22
7086.81
7009.43
7041.82
7031.01
7018.21
6976.25
6991.01
7150.87
7107.79
7010.99
7080.73
6916.33
6830.24
6862.06
6965.37
7109.57
7182.18
7199.4
7237.82
7386.13
7434.57
7520.0
7401.0
7330.91
7202.78
7153.05
7165.01
7196.31
7073.98
7227.75
7241.38
7077.0
6967.45
6950.03
6955.65
6985.14
6933.65
6943.67
6790.97
6807.53
6785.0
6779.11
6835.0
6777.61
6674.5
6797.59
6812.19
6707.67
6699.61
6554.27
6522.37
6485.9
6379.38
6378.01
6389.17
6335.7
6294.35
6373.49
6397.47
6404.09
6375.35
6312.32
6250.98
6264.25
6282.11
6282.83
6270.64
6294.0
6281.77
6324.1
6287.37
6276.97
6299.0
6281.32
6225.5
6176.99
6116.33
6146.18
6160.0
6115.29
6083.12
6063.72
6049.61
6052.0
6048.51
5993.14
6000.74
6014.73
6001.95
6033.36
6047.2
6054.96
6050.01
6056.0
6065.63
6042.69
6058.5
6038.48
6041.48
6055.0
6023.0
5935.1
5934.66
5905.14
5903.14
5901.67
5884.2
5877.81
5868.77
5890.68
5861.33
5858.74
5849.77
5845.84
5830.18
5810.59
5806.01
5819.44
5828.14
5800.2
5814.71
5783.46
5789.74
5796.01
5773.91
5745.0
5890.0
5889.3
5850.0
5846.0
5878.11
5890.74
5892.86
5864.81
5834.17
5949.0
5910.17
5892.22
5888.39
5903.67
5871.23
5886.53
5884.13
5886.88
5887.57
5889.08
5917.96
5761.03
5744.4
5686.65
5708.43
5690.89
5694.69
5733.62
5742.88
5702.78
5705.47
5655.57
5653.05
5636.92
5615.75
5645.05
5622.08
5629.13
5602.55
5585.69
5621.02
5648.7
5660.84
5628.8
5620.39
5618.01
5665.53
5715.3
5709.76
5751.0
5771.62
5705.75
5716.53
5674.49
5700.9
5713.05
5722.74
5735.41
5737.77
5711.46
5735.0
5704.4
5717.19
5700.04
5740.73
5748.15
5719.83
5762.35
5734.63
5734.67
5754.39
5769.51
5815.39
5781.84
5689.2
5610.28
5592.48
5589.0
5580.0
5553.23
5578.28
5571.45
5699.6
5728.14
5720.0
5711.04
5728.24
5744.49
5726.52
5700.23
5706.65
5738.95
5764.44
5794.67
5741.32
5660.3
5675.64
5693.0
5692.51
5675.2
5694.4
5668.05
5690.97
5714.0
5715.96
5741.5
5705.0
5701.09
5676.18
5782.46
5675.0
5582.64
5517.6
5492.29
5487.79
5464.33
5472.73
5427.17
5408.65
5391.01
5399.89
5403.94
5408.09
5401.3
5386.64
5395.0
5380.92
5407.0
5380.91
5373.33
5367.82
5372.2
5359.34
5349.74
5374.99
5341.2
5328.39
5329.38
5322.12
5330.5
5324.43
5317.89
5319.83
5329.97
5300.86
5303.31
5311.61
5303.0
5305.07
5348.71
5292.92
5297.5
5285.62
5293.13
5293.7
5316.17
5302.0
5304.56
5294.77
5310.43
5323.13
5319.94
5306.56
5316.97
5327.02
5304.92
5300.01
5266.34
5276.77
5259.83
5236.39
5240.0
5250.0
5230.1
5245.73
5258.94
5258.63
5253.35
5211.92
5212.56
5188.26
5150.0
5159.76
5149.01
5141.7
5138.66
5137.05
5153.63
5156.97
5156.29
5152.99
5149.86
5123.77
5137.98
5132.59
5153.83
5154.39
5149.56
5157.02
5140.54
5157.36
5133.87
5129.14
5151.41
5142.85
5158.4
5165.56
5159.73
5177.43
5179.06
5188.0
5176.38
5174.55
5176.48
5174.95
5157.02
5156.64
5137.79
5125.28
5141.0
5169.57
5178.01
5181.65
5195.45
5168.15
5160.98
5195.0
5212.54
5196.19
5178.45
5184.66
5185.24
5173.58
5175.52
5169.44
5175.0
5166.78
5183.58
5187.24
5174.18
5201.55
5211.5
5204.29
5204.27
5175.77
5182.02
5168.3
5160.02
5165.75
5158.14
5153.15
5160.87
5159.68
5151.49
5159.59
5178.0
5170.53
5154.72
5139.1
5147.94
5146.92
5153.47
5153.47
5140.38
5152.57
5123.26
5098.57
5078.81
5068.35
5100.0
5104.37
5136.17
5162.81
5165.76
5181.13
5157.75
5162.55
5171.78
5179.88
5160.15
5175.0
5192.58
5180.31
5205.05
5222.0
5145.11
5119.6
5138.43
5133.02
5384.7
5498.81
5488.64
5499.49
5493.75
5480.0
5459.68
5449.46
5460.59
5459.36
5464.41
5455.01
5421.88
5426.91
5431.1
5400.0
5430.71
5427.78
5438.64
5426.99
5458.72
5457.01
5445.16
5444.6
5436.71
5440.91
5434.18
5400.0
5415.0
5442.06
5460.97
5465.02
5441.51
5457.9
5430.0
5417.56
5465.27
5479.97
5467.36
5595.0
5600.01
5596.98
5576.99
5560.0
5550.0
5537.65
5538.25
5560.0
5573.9
5582.92
5586.84
5604.02
5580.12
5573.75
5565.94
5582.91
5576.01
5571.48
5556.8
5554.0
5536.07
5553.77
5541.34
5536.56
5536.68
5516.74
5433.01
5405.01
5387.7
5382.74
5390.0
5403.12
5386.0
5376.05
5385.62
5412.72
5365.0
5307.85
5310.06
5322.21
5302.78
5309.85
5311.03
5311.87
5305.04
5291.59
5286.51
5292.07
5275.89
5279.2
5262.39
5265.25
5269.23
5292.24
5296.26
5294.61
5275.07
5243.24
5260.16
5234.86
5266.2
5273.14
5285.0
5275.59
5270.39
5250.83
5260.8
5268.23
5245.47
5308.18
5322.76
5326.53
5315.39
5331.88
5334.33
5329.99
5332.74
5332.44
5321.31
5298.54
5274.82
5320.01
5320.39
5317.12
5310.69
5327.13
5317.22
5314.0
5320.84
5320.83
5311.94
5314.94
5326.11
5325.76
5330.92
5324.87
5324.3
5326.17
5306.0
5301.03
5309.68
5290.0
5286.63
5281.14
5280.88
5272.55
5300.41
5296.79
5278.97
5281.06
5282.01
5248.29
5249.61
5245.71
5264.09
5256.96
5252.97
5260.0
5249.72
5240.0
5235.11
5238.17
5231.87
5222.72
5219.44
5273.95
5283.73
5290.0
5296.0
5309.54
5294.18
5272.89
5264.54
5264.22
5253.23
5252.81
5266.91
5252.47
5237.29
5242.74
5243.69
5244.26
5266.72
5269.94
5260.77
5278.85
5273.99
5264.7
5269.82
5232.1
5246.1
5222.66
5236.75
5220.54
5237.9
5221.08
5225.23
5215.17
5207.91
5212.23
5209.24
5197.35
5244.88
5227.4
5212.12
5201.52
5219.73
5210.84
5230.0
5235.56
5230.0
5224.46
5219.39
5226.08
5203.65
5198.64
5201.98
5184.49
5190.4
5185.34
5210.98
5087.39
5083.62
5056.04
5041.54
5035.17
5069.95
5059.56
5084.43
5075.13
5071.09
5065.93
5070.9
5060.96
5055.08
5041.96
5050.95
5050.46
5036.86
5044.93
5023.78
5026.09
5015.74
5048.98
5062.32
5132.18
5157.48
5155.46
5144.37
5147.68
5136.24
5137.2
5162.27
5152.42
5162.42
5165.31
5170.45
5186.34
5161.4
5166.16
5164.91
5157.53
5161.51
5162.58
5106.64
5092.28
5091.0
5104.99
5096.01
5081.47
5078.62
5074.7
5077.75
5072.81
5073.68
5072.21
5074.63
5064.99
5065.2
5042.62
5050.51
5059.33
5056.54
5056.01
5074.99
5080.85
5069.48
5069.72
5074.8
5084.59
5075.0
5093.04
5098.8
5085.79
5090.33
5103.42
5080.45
5082.23
5058.57
5049.32
5079.23
5088.57
5097.07
5110.6
5114.69
5116.49
5110.99
5106.6
5080.84
5065.95
5091.58
5086.89
5061.31
5044.58
5057.5
5067.0
5074.95
5082.27
5075.14
5084.99
5070.0
5089.98
5078.01
5085.38
5034.45
5026.84
5040.56
5030.78
5025.71
5032.44
5026.54
5003.57
4962.21
5025.65
5044.68
5048.96
5026.19
5053.97
5074.9
5087.72
5060.78
5057.56
5040.0
5050.49
5031.13
5055.42
5046.89
5072.99
5073.74
5204.84
5205.2
5222.61
5217.3
5220.85
5195.41
5303.68
5300.95
5309.37
5319.55
5291.47
5296.79
5303.74
5401.13
5408.6
5294.88
5273.12
5280.0
5270.72
5264.49
5277.4
5243.52
5240.0
5250.0
5250.41
5247.28
5260.45
5263.8
5234.84
5223.45
5230.3
5239.99
5206.94
5194.98
5193.53
5220.82
5218.04
5214.0
5222.74
5211.11
5228.63
5210.03
5200.99
5209.25
5191.26
5205.0
5203.36
5190.0
5227.08
5223.77
5232.7
5214.99
5228.0
5240.82
5261.21
5260.14
5246.52
5287.88
5269.14
5280.59
5253.55
5206.11
5211.18
5202.6
5214.87
5235.27
5244.21
5188.86
5188.06
5139.56
5209.12
5251.98
5234.37
5252.43
5271.7
5284.92
5317.81
5250.0
5291.55
5284.72
5260.7
5196.02
5189.94
5164.85
5144.14
5128.1
5130.26
5129.19
5116.65
5119.34
5133.65
5152.42
5140.0
5114.55
5105.74
5126.31
5161.76
5131.05
5130.8
5094.93
5144.17
5126.6
5127.09
5042.9
5041.07
5044.56
5028.83
5010.0
5078.94
5158.56
5164.45
5141.42
5180.38
5119.63
5049.28
5021.89
5007.12
5003.88
4992.94
4985.01
4990.47
5005.37
5019.99
5019.83
5009.87
5003.89
5002.4
4993.07
5016.39
5041.0
5032.98
5010.0
5000.0
5015.04
5022.5
5029.48
5013.83
4992.2
4985.0
5005.77
5026.64
5000.52
4964.99
4951.04
4971.0
4939.52
4940.02
4979.5
4948.92
4896.13
4923.63
4915.96
4947.99
4907.68
4885.08
4931.77
4846.05
4829.08
4859.03
4901.21
4939.68
5005.62
5002.5
5014.19
5024.31
4993.59
4963.97
5014.99
5027.05
5027.32
5044.65
5025.52
5008.0
4968.09
5016.02
4986.5
5029.34
4976.94
5113.5
5188.41
5293.76
5140.62
5140.38
5128.64
5123.26
5012.75
5012.76
5038.59
5008.68
4968.02
4953.51
4975.0
4957.82
4962.68
4974.55
4955.82
4915.93
5055.0
5072.45
4970.0
4978.97
4903.8
4829.42
4789.14
4804.96
4765.83
4738.99
4725.59
4736.8
4749.38
4748.28
4803.0
4810.65
4780.01
4788.27
4797.0
4700.01
4691.93
4719.65
4744.34
4680.59
4175.91
4172.74
4158.81
4147.39
4136.54
4137.01
4133.83
4129.33
4131.0
4133.04
4132.93
4142.12
4137.89
4136.52
4138.31
4127.11
4112.78
4115.42
4122.0
4121.0
4122.0
4125.05
4122.06
4126.11
4130.21
4123.01
4115.56
4112.45
4095.01
4092.0
4091.21
4094.24
4098.01
4090.66
4089.09
4090.02
4088.23
4096.08
4090.04
4085.99
4100.0
4092.05
4085.82
4087.7
4080.72
4084.97
4085.45
4085.94
4084.4
4079.33
4088.03
4086.91
4094.03
4082.13
4087.5
4079.03
4080.59
4079.91
4071.76
4079.94
4069.58
4077.0
4077.89
4083.0
4082.0
4069.58
4080.82
4080.99
4089.48
4090.21
4081.16
4076.24
4088.03
4114.83
4115.88
4119.04
4082.72
4085.0
4084.44
4075.23
4078.01
4094.46
4082.38
4081.12
4080.38
4071.1
4081.38
4083.16
4098.04
4077.75
4073.54
4031.32
4043.26
4014.51
4012.22
4018.5
4023.05
4024.4
4012.87
4014.55
4012.81
4010.34
4013.65
4010.55
4011.38
4013.92
4008.32
4005.67
4017.3
4014.18
4011.51
4001.91
3999.39
4003.8
4010.73
4008.14
4014.03
4009.9
4016.0
3999.16
4004.04
4017.46
4015.57
4015.48
4027.35
4011.47
4011.96
4009.86
4005.87
4002.9
4010.07
4007.67
4011.98
4009.34
4014.33
4010.24
4018.85
4012.58
3985.01
3984.0
3982.95
3985.89
3991.13
3974.87
3976.53
3976.01
3966.9
3931.99
3919.99
3914.65
3911.24
3916.65
3915.87
3917.99
3913.8
3912.15
3916.36
3908.1
3885.59
3888.89
3895.76
3900.31
3905.16
3910.49
3894.15
3901.02
3913.01
3912.91
3912.29
3918.15
3913.73
3907.65
3908.7
3905.0
3886.49
3888.52
3899.99
3893.72
3946.97
3956.0
3950.0
3965.24
3961.77
3957.14
3971.97
3970.0
3972.0
3969.89
3969.51
3972.11
3973.34
3972.33
3977.07
3972.82
3974.07
3963.93
3971.53
3966.7
3966.84
3958.63
3963.48
3959.91
3964.47
3968.79
3970.51
3974.01
3978.44
3972.39
3972.37
3977.64
3972.2
3962.86
3963.34
3966.91
3965.0
3970.54
3969.77
3962.5
3973.0
3975.22
3982.45
3978.32
3978.01
3972.52
3972.68
3972.83
3969.48
3970.32
3976.85
3971.65
3974.54
3974.71
3982.04
3975.71
3990.42
3995.92
3990.59
3997.31
3989.66
3987.52
3996.5
3996.0
3990.0
3986.67
3986.67
3986.35
3984.89
3980.59
3994.01
3992.63
3996.85
3990.58
3986.87
3991.8
3986.33
3987.44
3983.45
3979.49
3973.63
3978.13
3966.39
3973.08
3976.62
3972.29
3975.06
3982.66
3976.43
3980.4
3975.01
3975.12
3979.3
3974.33
3975.35
3963.85
3965.13
3961.17
3964.81
3940.79
4025.66
4034.5
4035.79
4026.39
4033.3
4033.52
4038.52
4028.96
4020.08
4030.02
4030.64
4030.87
4025.97
4039.05
4032.0
4031.24
4010.04
4012.07
4013.7
4007.93
3996.98
4004.51
4000.0
4001.61
3997.79
3997.2
3994.69
3993.49
3975.0
3989.7
3985.03
3980.68
3986.38
3976.97
3976.4
3973.07
3972.39
3965.3
4001.3
3992.32
3989.18
3993.56
3994.87
3988.44
3994.54
3992.19
3980.72
3973.72
3972.48
3968.09
3968.11
3971.99
3974.83
3959.67
3962.1
3958.46
3960.92
3957.83
3975.98
3975.75
3976.53
3981.57
3969.99
3976.34
3976.13
3972.0
3963.81
3959.04
3961.96
3967.41
3966.84
3960.95
3965.14
3961.14
3954.51
3952.61
3955.4
3966.92
3958.33
3952.76
3940.07
3979.96
3986.91
4002.21
3994.88
3984.0
3965.45
3969.3
3978.85
3975.0
3972.98
3969.0
3966.51
3965.89
3971.75
3974.99
3969.33
3958.53
3967.0
3967.82
3950.12
3954.52
3953.79
3954.0
3948.41
3947.95
3956.31
3951.1
3971.78
3964.66
3990.0
3986.52
3985.0
3980.64
3977.05
3983.0
3985.49
3983.25
3976.26
3986.52
3976.99
3974.27
4004.34
4007.24
4003.19
3996.19
4001.01
4002.04
4004.71
4013.11
3954.68
3931.11
3934.7
3916.53
3901.0
3893.99
3891.48
3898.0
3905.57
3902.5
3900.11
3894.65
3902.37
3886.9
3885.46
3881.75
3885.03
3863.56
3865.59
3852.92
3854.0
3855.82
3860.88
3859.52
3859.61
3861.12
3865.35
3861.08
3855.87
3854.92
3856.74
3852.0
3850.97
3851.74
3856.9
3849.07
3855.95
3852.22
3850.0
3843.66
3841.66
3849.75
3844.17
3846.81
3839.28
3840.21
3847.93
3850.33
3851.21
3857.52
3858.69
3858.62
3850.96
3850.22
3847.42
3852.82
3853.54
3854.57
3850.93
3847.01
3850.54
3846.47
3857.42
3861.92
3840.15
3838.78
3845.16
3851.73
3862.41
3856.42
3856.13
3859.36
3868.99
3858.13
3861.43
3862.23
3862.12
3866.01
3865.63
3861.97
3851.74
3855.98
3856.51
3859.86
3848.06
3865.05
3867.04
3871.2
3859.74
3866.75
3861.8
3856.88
3823.44
3821.18
3814.76
3815.93
3808.53
3809.36
3821.53
3829.88
3851.15
3856.65
3852.62
3850.73
3842.61
3849.17
3848.64
3838.85
3835.04
3843.12
3847.09
3831.09
3855.62
3860.43
3873.99
3871.02
3866.54
3876.0
3864.7
3890.0
3908.34
3901.99
3906.07
3903.08
3899.07248180414
3902.66
3893.44
3896.24
3881.81
3883.21
3885.24
3879.81
3889.93
3893.96
3878.12
3893.71
3895.28
3888.62
3883.3
3895.82
3883.76
3887.0
3896.0
3898.87
3902.74
3910.12
3911.0
3904.08
3917.49
3901.97
3894.16
3892.74
3911.24
3911.23
3895.65
3905.67
3925.0
3923.78
3902.15
3900.56
3894.87
3890.31
3895.6
3896.63
3888.19
3889.01
3860.41
3859.93
3854.39
3863.24
3856.09
3850.31
3842.0
3829.84
3869.54
3898.78
3896.91
3888.69
3892.72
3880.45
3886.66
3893.63
3886.21
3878.24
3875.82
3885.0
3866.56
3862.64
3869.78
3887.05
3876.57
3866.79
3854.94
3858.63
3856.52
3866.76
3855.26
3863.82
3870.0
3869.56
3864.25
3865.04
3859.65
3869.99
3865.0
3875.53
3857.88
3859.88
3851.29
3843.59
3845.33
3847.44
3862.38
3858.11
3861.33
3885.27
3872.41
3864.39
3869.26
3862.76
3850.46
3853.27
3845.34
3843.8
3845.2
3847.99
3847.8
3857.21
3850.0
3837.96
3839.0
3846.07
3852.7
3846.03
3840.01
3833.42
3840.31
3840.93
3823.88
3822.43
3815.83
3828.87
3828.97
3831.13
3845.73
3832.4
3835.0
3838.63
3849.69
3837.77
3838.92
3835.01
3824.98
3818.75
3830.72
3732.78
3726.3
3721.75
3721.16
3729.04
3714.25
3709.99
3707.32
3708.49
3696.76
3695.03
3702.13
3705.86
3700.82
3695.03
3700.69
3706.34
3704.02
3707.09
3711.81
3715.54
3701.83
3708.56
3702.76
3695.23
3706.08
3699.04
3703.77
3708.36
3723.44
3726.43
3722.81
3749.19
3782.93
3790.01
3804.07
3803.04
3789.61
3788.93
3792.58
3795.36
3790.26
3792.34
3792.33
3792.77
3789.59
3803.05
3807.79
3807.68
3810.92
3809.91
3808.53
3803.39
3811.12
3811.64
3811.63
3810.29
3810.32
3808.01
3814.26
3812.2
3812.45
3808.3
3811.4
3802.0
3807.69
3803.21
3795.5
3806.64
3801.1
3806.31
3810.21
3812.01
3811.21
3803.41
3794.15
3797.27
3796.46
3801.43
3805.96
3800.93
3817.51
3815.87
3807.66
3809.71
3808.12
3817.61
3830.01
3830.28
3830.1
3834.69
3833.92
3827.41
3815.8
3818.1
3817.87
3809.96
3809.99
3814.7
3813.38
3810.47
3804.91
3801.99
3802.01
3802.0
3804.83
3800.79
3803.16
3796.54
3791.49
3800.59
3804.0
3803.11
3805.5
3814.19
3798.57
3821.23
3844.27
3820.38
3815.94
3816.36
3822.92
3816.0
3826.15
3821.72
3802.95
3805.12
3812.99
3807.8
3800.68
3803.9
3813.92
3801.43
3800.0
3766.0
3745.21
3724.19
3799.99
3797.84
3805.28
3801.06
3797.64
3803.18
3812.36
3812.02
3810.7
3806.38
3809.7
3812.0
3811.9
3797.53
3806.86
3803.54
3801.69
3800.12
3785.36
3785.33
3799.99
3797.38
3790.28
3794.74
3798.0
3792.59
3800.02
3793.86
3809.41
3806.63
3790.49
3786.65
3789.88
3799.04
3789.15
3790.9
3789.43
3780.72
3789.41
3813.41
3825.76
3825.76
3819.83
3821.06
3820.26
3821.05
3804.59
3824.37
3846.3
3854.87
3822.46
3831.35
3793.08
3779.65
3791.3
3789.23
3780.6
3782.89
3773.86
3772.8
3759.74
3779.01
3781.87
3783.09
3778.81
3774.09
3762.17
3760.0
3732.48
3761.86
3786.75
3784.42
3771.5
3778.65
3759.88
3757.87
3778.31
3792.41
4078.54
4108.5
4131.1
4137.6
4128.46
4131.46
4158.43
4158.02
4155.04
4151.67
4161.07
4148.24
4129.05
4124.72
4110.99
4119.65
4110.06
4142.59
4099.04
4091.21
4088.0
3960.33
3925.27
3932.79
3932.2
3936.4
3938.65
3937.97
3929.98
3921.04
3928.01
3929.48
3927.6
3924.79
3944.14
3940.08
3948.99
3938.01
3946.56
3948.02
3941.47
3934.15
3939.46
3942.11
3940.72
3931.01
3931.33
3943.39
3947.61
3927.41
3922.53
3921.33
3923.97
3926.02
3893.39
3912.02
3914.7
3914.72
3913.81
3917.46
3906.33
3898.77
3901.59
3890.64
3897.8
3892.11
3889.41
3880.48
3892.47
3886.08
3894.56
3901.32
3909.99
3894.01
3891.56
3895.0
3891.83
3914.25
3930.86
3927.65
3949.85
3930.72
3942.42
3920.46
3919.03
3923.0
3941.16
3924.05
3916.36
3933.97
3926.45
3925.55
3916.27
3921.26
3910.0
3924.42
3915.8
3946.62
3924.87
3935.34
3912.89
3916.75
3891.54
3881.09
3883.99
3888.14
3894.14
3901.63
3892.0
3880.94
3892.03
3909.86
3886.4
3931.01
3950.75
3928.69
3939.28
3942.99
3957.17
3934.9
3954.53
3891.44
3871.99
3869.95
3862.57
3888.77
3890.45
3878.21
3868.87
3873.78
3866.0
3857.46
3867.69
3928.33
3866.99
3860.55
3853.0
3864.71
3869.94
3880.45
3860.0
3859.41
3805.33
3797.27
3799.89
3732.36
3706.66
3691.74
3706.45
3696.64
3690.95
3696.44
3677.07
3676.96
3688.93
3668.02
3649.45
3659.22
3626.7
3603.46
3586.43
3572.65
3569.31
3569.61
3575.0
3573.79
3569.8
3575.45
3568.2
3565.36
3580.0
3585.93
3600.18
3598.02
3599.1
3596.22
3598.43
3595.8
3589.18
3586.31
3586.01
3582.56
3582.3
3594.39
3594.0
3599.07
3594.93
3592.0
3591.9
3595.99
3597.22
3596.79
3595.58
3586.78
3589.18
3585.12
3586.42
3586.71
3583.2
3582.95
3586.74
3582.86
3586.96
3582.0
3567.12
3567.12
3567.12
3566.67
3565.84
3566.46
3565.85
3566.81
3564.72
3560.02
3556.38
3556.35
3585.52
3580.67
3573.88
3579.9
3570.46
3573.0
3575.99
3577.11
3575.89
3581.29
3574.21
3571.63
3570.54
3564.32
3562.29
3564.74
3570.0
3565.94
3574.26
3575.0
3571.65
3567.09
3567.47
3560.26
3561.0
3558.0
3552.23
3562.0
3569.67
3565.96
3565.5
3575.75
3571.8
3581.71
3572.79
3574.09
3581.55
3585.68
3576.48
3571.99
3571.61
3569.16
3572.0
3583.93
3576.4
3575.0
3565.01
3575.01
3577.0
3580.79
3572.78
3577.86
3580.8
3580.01
3587.67
3597.18
3602.58
3594.3
3598.01
3597.59
3593.43
3594.81
3588.61
3579.4
3577.48
3605.94
3597.5
3597.64
3581.2
3576.0
3573.25
3574.5
3577.7
3579.84
3568.02
3566.18
3566.67
3565.37
3576.85
3577.16
3579.24
3578.39
3573.57
3568.51
3569.48
3568.33
3588.58
3598.01
3588.0
3598.99
3601.28
3596.99
3592.6
3586.0
3599.69
3606.34
3598.58
3593.13
3585.99
3588.86
3593.25
3588.06
3596.2
3594.01
3589.0
3595.65
3594.48
3598.58
3601.0
3610.33
3647.21
3620.38
3605.54
3603.16
3605.51
3606.59
3605.01
3611.69
3596.0
3586.3
3600.62
3593.73
3603.99
3610.32
3602.44
3604.19
3600.6
3600.49
3618.42
3619.99
3616.3
3619.43
3616.7
3620.58
3624.11
3619.58
3622.17
3614.76
3612.65
3605.55
3602.85
3606.6
3605.77
3617.8
3622.0
3613.72
3624.0
3625.41
3625.0
3620.09
3620.0
3609.59
3608.86
3612.79
3607.63
3613.11
3613.17
3621.75
3622.59
3595.46
3597.58
3625.54
3634.29
3621.18
3630.76
3658.47
3454.76
3411.21
3402.41
3393.35
3388.65
3390.01
3382.42
3364.66
3356.74
3366.52
3365.86
3360.04
3361.55
3351.52
3355.4
3359.5
3359.99
3363.94
3360.0
3359.51
3359.0
3360.23
3362.7
3362.38
3364.7
3364.69
3364.0
3361.49
3369.49
3378.01
3374.69
3369.81
3368.46
3369.7
3371.53
3370.8
3374.42
3369.5
3369.94
3363.63
3366.83
3368.56
3367.55
3364.0
3362.19
3365.99
3364.95
3369.01
3371.5
3361.2
3366.61
3369.89
3361.43
3366.97
3369.83
3372.27
3378.73
3376.65
3373.1
3370.76
3377.88
3376.34
3384.02
3419.0
3429.98
3425.64
3424.87
3424.61
3425.0
3422.5
3419.38
3416.48
3420.39
3417.0
3423.77
3421.48
3421.51
3428.26
3429.59
3414.21
3416.68
3418.18
3417.82
3415.23
3412.41
3412.41
3404.01
3412.96
3411.47
3414.36
3420.0
3416.28
3418.44
3420.47
3417.01
3413.43
3411.69
3406.82
3407.37
3406.31
3401.25
3410.53
3404.57
3424.95
3419.81
3419.14
3415.49
3417.2
3413.3
3410.88
3422.8
3418.9
3415.99
3408.29
3394.85
3405.2
3405.0
3421.93
3418.61
3427.44
3421.82
3421.8
3427.4
3424.21
3421.43
3429.07
3418.21
3423.04
3425.89
3434.34
3441.8
3441.93
3444.92
3447.14
3449.79
3457.26
3469.06
3441.29
3434.06
3433.06
3435.35
3435.0
3433.22
3429.84
3426.77
3439.72
3435.46
3439.85
3441.87
3435.58
3430.81
3420.5
3422.14
3416.4
3422.25
3433.57
3440.0
3441.88
3441.88
3441.88
3441.87
3447.92
3452.0
3447.27
3442.6
3439.95
3430.51
3426.04
3430.69
3436.07
3438.42
3425.52
3421.19
3403.87
3395.2
3395.0
3380.31
3392.26
3391.91
3388.83
3395.34
3389.07
3389.02
3411.84
3412.1
3423.26
3417.61
3425.21
3413.75
3400.37
3406.91
3402.48
3411.45
3405.04
3418.76
3410.53
3408.74
3404.52
3415.21
3420.67
3450.02
3448.17
3444.44
3445.12
3448.33
3450.61
3455.49
3461.08
3436.11
3439.49
3433.02
3435.22
3435.56
3442.49
3440.49
3436.86
3442.72
3440.64
3437.87
3439.62
3417.46
3424.32
3411.66
3417.14
3412.11
3407.89
3422.54
3414.34
3403.56
3396.82
3386.55
3380.0
3395.49
3397.25
3403.0
3399.19
3408.92
3398.66
3399.01
3406.21
3403.01
3402.85
3394.39
3384.97
3374.49
3382.38
3384.08
3373.34
3361.05
3383.37
3386.7
3405.15
3408.0
3419.82
3418.72
3433.56
3429.7
3426.5
3416.96
3420.0
3416.0
3417.76
3413.75
3411.68
3416.08
3415.59
3416.32
3405.48
3411.06
3424.24
3432.66
3412.01
3437.37
3428.98
3420.1
3466.0
3469.88
3500.24
3501.63
3525.85
3529.63
3540.25
3540.91
3550.88
3547.81
3545.84
3550.2
3545.76
3537.27
3540.02
3529.85
3532.96
3535.76
3531.77
3540.8
3552.52
3549.37
3550.0
3550.02
3550.87
3562.47
3561.0
3556.03
3559.0
3558.19
3565.32
3558.34
3558.19
3559.03
3562.15
3558.05
3557.2
3552.73
3578.66
3579.0
3578.19
3586.13
3595.01
3598.75
3607.26
3620.31
3577.0
3568.73
3568.74
3572.0
3564.75
3562.5
3560.81
3561.0
3563.96
3557.85
3552.33
3545.39
3540.43
3556.0
3551.21
3565.12
3554.19
3544.81
3543.93
3536.0
3542.75
3551.27
3544.31
3570.0
3563.89
3564.03
3571.91
3570.03
3567.67
3576.8
3570.83
3570.25
3566.69
3571.17
3569.23
3578.95
3559.72
3557.36
3555.7
3557.33
3564.58
3560.4
3567.76
3558.34
3539.77
3544.16
3543.16
3547.37
3535.39
3529.93
3540.08
3535.59
3544.83
3540.26
3557.94
3553.02
3554.86
3544.95
3540.5
3540.0
3579.75
3571.37
3573.25
3552.75
3565.94
3592.95
3570.0
3578.49
3572.41
3562.16
3568.95
3568.38
3582.41
3583.07
3574.84
3582.22
3591.98
3583.06
3582.01
3577.24
3580.22
3570.71
3586.98
3578.09
3593.1
3586.71
3578.67
3583.09
3565.03
3553.47
3555.13
3544.92
3517.44
3516.98
3531.03
3520.12
3519.99
3529.28
3529.39
3535.02
3536.9
3537.96
3541.17
3532.25
3530.89
3518.99
3539.08
3539.32
3541.6
3544.28
3543.22
3539.9
3535.5
3542.28
3540.55
3554.5
3536.8
3525.66
3527.69
3530.93
3530.82
3531.55
3530.03
3536.43
3538.33
3537.99
3534.41
3533.49
3543.84
3538.76
3533.27
3519.79
3519.42
3520.84
3526.17
3521.38
3525.08
3523.24
3514.19
3588.97
3692.83
3697.99
3690.84
3688.76
3688.22
3688.51
3695.1
3697.44
3695.43
3697.52
3686.85
3687.0
3701.3
3701.35
3704.14
3704.73
3702.56
3711.79
3711.63
3705.77
3709.83
3709.7
3721.69
3717.76
3724.88
3626.31
3622.77
3620.23
3618.93
3619.31
3625.14
3623.95
3624.0
3614.91
3614.91
3608.0
3611.91
3613.59
3604.19
3599.16
3598.99
3595.02
3607.77
3626.43
3604.6
3604.24
3603.04
3613.58
3607.78
3626.1
3624.99
3622.9
3627.29
3617.0
3615.02
3625.92
3627.18
3625.06
3631.55
3641.4
3630.73
3624.96
3628.86
3628.5
3631.23
3620.71
3603.2
3614.7
3592.49
3583.79
3586.15
3594.34
3591.5
3586.76
3592.98
3590.17
3587.87
3588.31
3584.65
3585.63
3570.1
3604.86
3601.77
3607.15
3595.0
3604.86
3590.52
3595.79
3609.91
3607.67
3604.14
3612.85
3618.99
3614.32
3631.51
3612.23
3613.43
3607.0
3607.69
3577.92
3592.86
3602.18
3596.4
3594.78
3585.83
3591.39
3584.99
3582.09
3574.27
3567.26
3569.13
3632.44
3631.34
3634.98
3631.92
3637.4966666666664
3656.0
3659.23
3637.42
3647.01
3646.0
3640.0
3662.66
3667.27
3655.33
3661.53
3666.28
3669.3
3671.12
3672.28
3671.0
3662.89
3662.09
3666.47
3672.74
3681.28
3674.65
3673.72
3660.71
3669.66
3538.08
3536.06
3541.58
3527.06
3530.0
3535.0
3534.81
3536.58
3542.0
3533.22
3529.33
3520.25
3521.73
3520.24
3514.99
3514.08
3504.52
3519.76
3498.65
3507.75
3505.26
3515.56
3506.72
3613.09
3614.42
3622.12
3619.7
3614.82
3616.95
3617.24
3609.73
3612.9
3610.91
3615.56
3617.15
3624.83
3619.31
3602.13
3607.69
3618.82
3624.56
3629.17
3633.07
3630.0
3629.73
3648.0
3628.63
3628.63
3628.62
3624.25
3621.53
3617.76
3615.19
3620.81
3618.12
3625.82
3621.62
3636.81
3629.99
3641.07
3636.71
3631.69
3635.24
3637.28
3620.21
3649.89
3655.11
3653.37
3653.17
3652.26
3644.37
3636.55
3643.67
3619.96
3633.76
3639.98
3629.48
3634.29
3642.18
3640.0
3624.33
3614.63
3608.93
3620.94
3620.1
3633.1
3638.76
3626.76
3626.36
3631.63
3626.97
3638.21
3610.94
3610.0
3620.01
3781.46
3780.02
3778.39
3781.38
3790.0
3775.85
3781.11
3789.96
3804.04
3813.62
4027.37
4025.5
4013.0
4017.36
4021.0
4020.0
4000.67
4011.07
4003.96
4009.54
4012.52
4008.01
4002.0
3997.91
3990.0
3989.5
4004.14
4015.57
4025.49
4013.69
4013.45
4015.95
4018.34
4016.84
4018.5
4027.44
4019.51
4016.65
4016.23
3990.91
3992.24
3999.16
3999.16
4005.01
4015.01
4006.55
4005.01
4006.94
4033.52
4053.28
4063.54
4025.01
4031.94
4008.94
4002.49
3998.5
3978.81
3988.21
3975.32
3982.42
3980.8
3982.73
3998.88
4013.66
4007.47
4002.89
4005.01
4005.74
4025.02
4014.94
4015.01
4020.25
4011.11
4025.55
4022.09
3995.91
4017.55
4004.79
3997.5
4044.67
4036.51
4030.12
4037.0
4027.79
4034.17
4027.76
4034.54
4053.92
4041.01
4030.0
4032.74
4035.14
4053.04
4050.99
4063.85
3835.13
3826.77
3823.24
3819.32
3813.48
3827.82
3818.19
3800.01
3797.66
3791.84
3797.79
3798.12
3795.95
3797.24
3794.55
3786.11
3808.93
3797.41
3802.13
3837.99
3835.01
3845.95
3842.21
3832.68
3834.21
3825.08
3827.38
3826.58
3837.57
3835.13
3826.9
3828.82
3831.78
3815.14
3829.47
3858.72
3839.57
3841.42
3841.57
3849.31
3820.19
3821.47
3828.18
3835.65
3788.54
3766.61
3753.6
3772.55
3769.05
3750.95
3749.62
3775.57
3785.4
3780.0
3795.13
3783.83
3794.24
3804.65
3802.59
3794.24
3793.01
3796.54
3777.0
3783.0
3765.05
3786.91
3796.35
3796.39
3799.86
3776.38
3781.37
3778.55
3769.61
3840.37
3836.48
3846.77
3847.25
3833.08
3834.69
3832.3
3830.39
3846.45
3843.73
3850.0
3860.94
3871.75
3865.02
3866.03
3867.02
3890.45
3893.95
3885.41
3876.51
3844.52
3849.54
3847.86
3849.74
3817.93
3826.85
3839.7
3807.62
3807.79
3802.53
3788.73
3801.87
3793.63
3778.36
3795.41
3794.51
3796.26
3800.0
3793.67
3801.45
3823.63
3720.51
3718.05
3726.63
3698.0
3659.36
3690.02
3691.79
3679.96
3696.35
3717.86
3710.67
3705.2
3701.23
3689.73
3707.12
3699.11
3690.65
3690.22
3683.01
3683.69
3673.2
3679.18
3696.16
3692.35
3676.32
3675.09
3678.0
3691.39
3752.01
3746.49
3755.96
3766.0
3782.0
3752.8
3753.84
3745.25
3799.57
3800.0
3783.32
3782.9
3786.32
3781.89
3786.52
3784.93
3771.6
3793.15
3822.67
3826.96
3822.0
3824.09
3815.93
3810.5
3809.25
3815.02
3805.0
3794.71
3809.43
3795.27
3804.53
3822.19
3829.21
3833.47
3802.69
3753.34
3757.22
3754.51
3760.35
3734.9
3733.0
3732.58
3721.77
3729.57
3890.0
3904.34
3856.93
3839.42
3835.17
3840.0
3832.0
3870.0
3863.93
3874.25
3875.96
3866.2
3854.0
3885.58
3896.76
3904.54
3884.35
3873.21
3886.39
3884.25
3882.01
3899.17
3893.83
3889.2
3873.36
3893.18
3905.95
3883.45
3864.33
3852.69
3852.74
3825.14
3608.46
3612.4
3612.0
3632.9
3615.83
3628.74
3614.39
3600.41
3594.8
3596.41
3593.44
3598.01
3604.19
3592.38
3608.39
3588.67
3590.78
3586.43
3580.13
3606.56
3739.54
3747.19
3743.3
3739.56
3747.45
3755.16
3745.58
3747.02
3725.16
3743.87
3729.68
3741.31
3741.37
3723.13
3747.52
3738.44
3764.0
3760.03
3809.84
3808.85
3810.07
3773.37
3766.23
3799.21
3753.88
3760.21
3755.0
3729.98
3711.34
3766.39
3764.88
3749.81
3749.41
3729.1
3754.31
3778.82
3804.78
3829.87
3820.01
3834.03
3843.07
3831.94
3771.41
3777.97
3770.0
3783.95
3777.82
3740.67
3732.82
3707.8
3740.82
3722.88
3746.74
3758.28
3776.53
3761.95
3745.04
3780.6
3748.34
3768.0
3780.6
3789.76
3766.2
3736.31
3824.22
3826.23
3820.77
4033.8
4059.0
4062.0
4030.0
4028.15
4058.29
4078.27
4085.0
4055.91
4202.12
4149.67
4118.14
4133.63
4125.85
4192.89
4194.61
4192.38
4190.39
4210.37
4170.14
4175.0
4165.62
4183.18
4183.26
3948.58
3950.0
3955.8
3963.56
3960.0
3978.7
3965.01
3959.25
3932.08
3970.0
4015.56
4005.85
4018.14
4021.68
3986.09
3974.0
3976.81
3994.2
4003.51
3993.0
4006.69
3973.27
3992.79
3992.2
3979.35
3859.89
3883.0
3890.62
3888.04
3856.81
3850.26
3852.15
3829.08
3831.99
3832.52
3832.15
3883.7
3903.2
3929.03
3838.16
3838.56
3831.0
3820.21
3810.1
3821.27
3836.76
3825.74
3838.25
3839.06
3827.27
3849.91
3795.63
3815.72
3938.63
3938.24
3936.21
3970.02
4028.2
4035.07
4036.35
4019.53
4013.13
3976.64
4032.75
4012.57
4002.77
3935.13
4017.75
4042.87
4034.05
4131.56
4062.25
4077.29
4065.68
3992.93
3895.22
4049.25
4047.27
4063.67
4133.72
4020.6
4022.27
4014.59
4074.66
4017.81
4046.16
4070.16
3973.44
3737.22
3704.01
3693.41
3740.22
3720.33
3731.09
3735.75
3712.33
3683.97
3716.04
3667.86
3729.52
3767.72
3795.31
3795.09
3806.13
3772.19
3780.0
3869.67
3826.8
3812.6
3770.45
3734.29
3721.99
3707.98
3725.77
3737.54
3712.51
3749.03
3716.32
3691.29
3669.01
3667.82
3552.8
3539.15
3503.01
3529.31
3493.05
3512.47
3520.0
3510.84
3559.91
3529.07
3473.95
3477.81
3463.35
3449.84
3450.94
3501.69
3485.29
3481.71
3517.91
3532.09
3497.3
3499.91
3494.66
3502.84
3475.87
3494.99
3550.01
3529.95
3529.54
3426.59
3419.01
3397.01
3389.27
3385.41
3382.09
3240.21
3235.02
3234.78
3241.66
3241.55
3214.43
3209.16
3209.0
3202.08
3200.0
3197.03
3213.13
3193.0
3194.94
3201.6
3219.98
3232.58
3205.69
3200.68
3214.35
3208.13
3205.02
3223.41
3234.68
3238.53
3230.74
3223.63
3208.58
3216.21
3232.68
3235.0
3231.79
3235.63
3217.49
3185.16
3184.46
3184.06
3198.41
3203.8
3185.68
3170.82
3150.02
3152.42
3152.45
3141.73
3155.54
3140.23
3159.19
3165.69
3153.31
3146.63
3198.63
3197.0
3204.12
3215.58
3218.45
3219.68
3213.51
3210.0
3217.01
3195.43
3219.03
3157.01
3165.93
3181.86
3180.32
3176.92
3183.16
3226.66
3247.51
3249.41
3271.08
3255.05
3269.86
3257.89
3254.46
3259.61
3275.0
3252.5
3266.01
3250.01
3253.44
3272.45
3271.39
3265.44
3270.58
3254.23
3247.56
3313.58
3377.0
3360.66
3387.23
3396.62
3381.37
3394.93
3406.31
3359.32
3383.54
3381.96
3370.0
3375.25
3358.92
3367.36
3370.65
3387.85
3385.47
3378.05
3418.1
3431.89
3411.22
3441.93
3433.73
3428.25
3448.79
3436.95
3441.96
3447.95
3395.99
3403.09
3398.54
3418.8
3415.34
3379.0
3375.09
3377.89
3361.45
3348.58
3343.13
3338.13
3344.99
3334.89
3336.99
3347.11
3363.0
3371.64
3349.11
3331.96
3343.45
3347.97
3336.42
3324.95
3329.08
3348.84
3337.22
3344.82
3340.24
3393.86
3409.53
3395.74
3403.13
3410.08
3392.21
3385.34
3385.62
3383.41
3395.2
3411.6
3420.0
3401.93
3393.96
3379.81
3402.67
3420.5
3445.27
3410.83
3457.21
3489.8
3472.54
3491.43
3486.34
3482.64
3477.0
3480.39
3476.8
3526.43
3529.92
3534.0
3534.82
3558.31
3552.56
3529.66
3521.85
3554.37
3580.32
3571.89
3570.9
3557.49
3578.12
3560.3
3493.68
3469.01
3425.3
3420.65
3391.38
3402.09
3405.57
3400.66
3427.84
3399.62
3403.0
3398.56
3416.87
3411.06
3402.0
3394.5
3450.0
3275.0
3330.01
3353.52
3386.65
3357.42
3360.15
3355.67
3331.78
3327.22
3338.61
3409.67
3385.45
3386.51
3377.81
3426.28
3416.63
3435.0
3390.33
3390.33
3390.33
3390.33
3390.33
3377.83
3381.32
3394.85
3335.63
3470.45
3236.53
3252.56
3257.58
3306.54
3389.77
3385.0
3379.66
3378.18
3370.24
3365.32
3357.8
3373.2
3360.37
3404.43
3350.0
3333.02
3339.99
3358.96
3323.32
3436.54
3581.67
3596.82
3626.39
3638.04
3594.57
3606.72
3608.24
3632.41
3681.24
3669.29
3730.29
3774.8
3765.89
3816.27
3819.42
3814.17
3811.0
3817.87
3687.27
3716.63
3688.01
3722.95
3729.73
3691.92
3712.52
3724.73
3740.01
3702.84
3725.0
3713.43
3687.01
3826.18
3814.99
3846.93
3852.63
3870.45
3842.3
3828.55
3813.21
3800.88
3854.35
3851.32
3829.75
3834.54
3856.03
3888.45
3908.74
3903.94
3897.45
3898.4
3868.98
3908.05
3910.51
3912.32
3940.99
3972.37
3993.37
3954.03
3949.99
3950.24
3941.79
3970.33
3944.94
3969.43
3940.86
3778.34
3814.95
3812.69
3840.01
3856.59
3857.11
3835.01
3847.03
3871.73
3826.23
3813.22
3838.53
3827.03
3820.0
3821.87
3944.22
3976.07
3988.65
3967.7
3981.57
3977.83
3984.73
3964.55
3952.51
3962.0
3971.88
3955.07
3938.95
4083.2
4076.49
4101.25
4110.0
4150.17
4160.07
4121.01
4098.02
4101.83
4121.93
4114.48
4113.22
4087.63
4100.74
4068.47
4065.84
4139.51
4121.1
4118.61
4078.86
4087.53
4124.18
4150.47
4217.81
4231.21
4177.58
4141.59
4180.43
4171.31
4149.01
4235.73
4221.7
4221.7
4221.7
4166.54
4148.36
4133.93
4135.0
4134.69
4116.17
3973.0
3956.44
3941.25
3932.11
3932.68
3942.0
3969.56
3952.13
3971.99
3976.71
3970.0
3950.88
3926.21
3950.0
3967.54
3969.99
3991.73
4008.79
3967.45
3973.42
3976.89
3970.01
3942.01
4015.01
4162.91
4174.36
4165.98
4230.0
4254.0
4270.87
4254.0
4266.91
4210.99
4199.88
4240.53
4225.47
4184.02
4191.97
4186.44
4219.02
4273.89
4302.15
4240.21
4259.97
4252.92
4226.85
4349.98
4293.5
4316.51
4196.93
4157.14
4172.67
4184.32
4148.97
4117.71
4152.22
4121.5
4224.98
4223.69
4192.6
4215.0
4307.98
4281.14
4226.42
4188.25
4141.65
4208.86
4208.64
4133.47
4127.97
4011.47
4005.82
3972.34
3960.54
4016.19
3977.87
3978.86
4036.41
3849.27
3798.2
3798.97
3794.35
3771.43
3798.56
3768.17
3730.08
3717.06
3727.03
3677.0
3710.95
3669.99
3701.17
3713.78
3677.49
3651.3
3678.78
3680.0
3639.86
3739.59
3784.99
3731.23
3704.36
3684.58
3721.07
3680.97
3739.21
3730.44
3648.4
3662.91
3630.05
3780.6
3819.73
3732.33
3758.94
3675.21
3754.09
3827.67
3899.01
3930.49
3917.56
3890.61
3927.73
3976.95
4043.96
3968.05
3938.6
3979.92
3966.75
3947.95
4000.48
3933.57
3941.75
4058.53
3946.57
3792.89
3703.66
3677.73
3704.99
3730.0
3797.49
3831.81
3783.11
3781.0
3645.6
3604.59
3685.01
3716.71
3669.58
3674.87
3631.34
3634.36
3741.44
3785.0
3779.75
3789.99
3744.18
3809.02
4142.96
4143.79
4206.87
4214.19
4199.45
4234.69
4247.23
4245.08
4254.5
4251.17
4260.32
4302.44
4292.15
4261.37
4274.63
4271.48
4303.79
4301.47
4303.31
4340.83
4344.87
4288.25
4325.37
4263.31
4219.76
4235.6
4227.57
4217.81
4229.48
4273.43
4289.0
4256.7
4254.08
4293.53
4290.3
4316.45
4283.45
4227.13
4260.09
4221.49
4191.69
4219.96
4194.87
4187.92
4289.72
4263.29
4411.99
4430.37
4418.23
4396.77
4434.01
4458.71
4433.35
4450.0
4452.82
4418.84
4414.52
4458.85
4466.4
4436.92
4524.15
4525.5
4501.68
4532.55
4514.85
4535.49
4553.39
4585.61
4521.43
4546.67
4466.71
4445.55
4413.91
4411.82
4427.57
4436.23
4502.4
4516.37
4421.24
4452.97
4543.51
4497.02
4543.99
4547.51
4590.0
4477.61
4429.9
4308.55
4461.95
4443.03
4367.62
4290.17
4318.76
4355.22
4247.07
4334.23
4279.68
4490.55
4547.24
4465.11
4666.64
4748.0
4638.07
4386.78
4380.56
4329.33
4400.34
4383.54
4316.46
4563.44
4593.99
4598.59
4639.01
4805.01
4850.0
4806.38
4820.34
4733.82
4795.84
4780.62
4882.4
4950.0
4947.63
5034.01
5060.67
5110.9
5096.6
5117.87
5227.1
5250.68
5310.03
5204.11
5264.94
5377.72
5399.83
5420.0
5499.18
5513.05
5500.0
5519.61
5544.19
5560.42
5539.97
5545.0
5540.0
5574.99
5571.76
5535.46
5540.53
5536.0
5527.55
5516.47
5530.0
5522.93
5510.09
5525.08
5526.87
5532.64
5541.74
5544.73
5535.57
5550.0
5534.61
5512.97
5524.02
5503.64
5500.16
5489.13
5506.38
5494.12
5490.93
5481.15
5538.33
5484.78
5497.97
5501.15
5491.49
5499.77
5470.7
5490.11
5487.5
5514.79
5477.04
5464.5
5480.01
5472.44
5488.22
5500.0
5500.0
5515.77
5450.17
5452.42
5514.66
5503.85
5535.13
5536.64
5549.41
5536.64
5554.99
5553.59
5526.53
5546.31
5560.5
5501.41
5530.69
5515.99
5553.8
5535.34
5557.07
5574.0
5556.81
5530.5
5547.77
5572.71
5499.44
5470.0
5485.0
5541.88
5515.01
5495.01
5455.0
5461.89
5205.0
5397.25
5400.92
5409.26
5392.76
5559.34
5530.2
5565.55
5531.51
5555.54
5540.15
5562.01
5522.92
5591.24
5584.0
5606.38
5515.0
5558.13
5412.05
5523.87
5555.5
5684.3
5678.17
6063.26
6165.0
6204.05
6202.99
6206.15
6192.0
6244.04
6272.0
6280.09
6289.25
6289.99
6271.0
6264.0
6265.47
6278.51
6260.35
6258.26
6279.93
6280.02
6293.98
6269.16
6265.0
6294.0
6308.09
6285.5
6281.04
6289.26
6291.09
6288.0
6284.92
6282.21
6274.55
6305.74
6296.1
6301.82
6295.33
6295.74
6290.99
6289.41
6321.36
6326.27
6321.0
6309.99
6332.78
6333.15
6322.91
6334.96
6339.78
6353.12
6368.29
6364.98
6362.08
6349.79
6354.52
6359.51
6355.0
6350.42
6350.01
6363.7
6364.99
6357.1
6371.13
6365.4
6370.22
6360.98
6308.01
6320.49
6330.99
6320.59
6318.59
6313.99
6309.99
6309.98
6337.91
6330.0
6346.25
6335.0
6343.83
6359.8
6359.8
6359.94
6357.96
6349.99
6350.0
6348.99
6349.0
6350.01
6350.0
6350.23
6364.0
6364.5
6365.0
6362.99
6362.26
6369.99
6369.99
6363.98
6363.77
6369.48
6360.0
6360.35
6344.91
6354.17
6347.38
6350.0
6351.17
6350.0
6351.8
6347.63
6336.76
6336.76
6336.76
6335.0
6329.97
6329.0
6341.26
6343.32
6333.42
6345.8
6348.69
6343.4
6339.5
6345.21
6360.34
6354.01
6353.99
6352.0
6405.17
6402.74
6405.39
6398.0
6398.63
6398.85
6390.01
6405.82
6413.55
6405.88
6406.21
6417.8
6420.0
6415.0
6419.0
6423.61
6421.99
6454.31
6479.9
6473.86
6464.99
6443.51
6459.0
6449.98
6443.84
6446.79
6443.0
6440.0
6447.21
6442.9
6461.0
6492.67
6509.19
6501.5
6499.55
6503.0
6505.08
6507.5
6511.58
6510.78
6505.99
6496.26
6494.09
6509.99
6493.71
6487.9
6490.2
6496.58
6506.97
6497.0
6501.49
6500.63
6500.01
6508.33
6520.6
6529.79
6502.64
6448.41
6440.01
6421.59
6417.32
6410.22
6423.29
6422.76
6421.81
6425.0
6414.82
6406.42
6401.77
6392.45
6406.76
6425.28
6404.98
6389.22
6396.3
6393.2
6390.73
6385.95
6402.44
6408.1
6408.09
6403.38
6398.47
6400.58
6394.13
6382.11
6372.21
6388.02
6397.03
6406.03
6400.0
6400.89
6394.39
6390.66
6389.29
6392.1
6385.39
6411.0
6409.63
6406.54
6404.54
6407.91
6418.3
6419.99
6437.76
6425.09
6414.5
6415.77
6410.78
6422.4
6435.0
6410.88
6408.01
6430.0
6348.52
6353.2
6345.0
6345.0
6340.0
6337.78
6344.36
6341.49
6334.49
6329.26
6323.0
6332.47
6331.5
6331.81
6331.99
6332.46
6333.94
6333.22
6340.0
6328.98
6329.5
6329.0
6326.78
6329.28
6330.05
6321.1
6327.53
6324.58
6324.35
6332.09
6342.94
6344.53
6338.56
6340.5
6338.38
6339.18
6347.25
6349.68
6349.67
6350.98
6350.99
6354.5
6354.5
6359.59
6353.95
6349.13
6351.78
6356.97
6364.36
6354.82
6345.0
6347.78
6338.16
6335.13
6341.27
6348.26
6349.29
6351.22
6349.99
6356.05
6356.34
6366.0
6376.07
6344.3
6338.87
6339.7
6334.63
6321.22
6312.85
6307.86
6304.59
6297.2
6301.37
6298.07
6302.27
6304.6
6304.45
6304.39
6298.3
6307.29
6306.79
6290.0
6294.43
6293.93
6300.98
6295.33
6304.82
6305.58
6306.88
6305.72
6306.0
6300.0
6303.29
6297.08
6309.55
6326.88
6216.0
6242.55
6250.6
6252.68
6254.99
6243.91
6252.35
6254.73
6253.82
6263.59
6262.68
6264.54
6264.93
6264.96
6271.48
6270.43
6273.27
6269.18
6264.99
6255.14
6253.0
6256.44
6259.44
6262.87
6252.98
6255.84
6261.54
6255.0
6245.38
6243.32
6248.25
6267.34
6274.68
6273.23
6287.02
6270.64
6262.28
6254.5
6260.84
6263.67
6260.0
6242.63
6239.33
6243.71
6259.09
6262.33
6272.01
6278.72
6264.97
6267.98
6255.25
6325.15
6380.07
6376.3
6384.44
6390.0
6396.23
6401.7
6401.65
6405.45
6410.47
6404.79
6405.5
6404.8
6394.31
6393.86
6395.77
6391.96
6397.77
6398.48
6402.44
6396.89
6403.0
6408.46
6401.18
6401.33
6403.26
6402.62
6402.65
6406.69
6404.39
6409.59
6405.99
6405.99
6405.32
6404.04
6406.12
6410.01
6411.15
6408.96
6402.99
6404.5
6397.35
6405.1
6399.98
6393.53
6398.96
6398.6
6404.6
6404.27
6404.01
6408.83
6408.47
6411.53
6413.4
6411.66
6415.18
6416.15
6410.0
6421.25
6409.01
6401.09
6401.53
6406.01
6405.25
6399.56
6397.73
6403.69
6406.82
6394.93
6391.17
6386.17
6399.27
6410.25
6410.84
6414.29
6426.79
6379.68
6385.07
6387.8
6381.39
6388.46
6391.01
6392.33
6398.04
6389.7
6405.08
6397.5
6396.56
6407.79
6409.89
6391.97
6391.08
6392.01
6392.45
6400.19
6392.99
6386.69
6386.99
6387.83
6398.0
6395.37
6397.99
6388.34
6388.54
6390.51
6394.41
6375.93
6417.37
6412.0
6420.51
6426.03
6426.45
6424.41
6419.53
6423.54
6422.34
6412.8
6430.01
6429.2
6425.9
6420.0
6421.0
6418.31
6419.0
6423.75
6428.96
6436.01
6456.03
6413.41
6399.97
6400.39
6399.59
6395.25
6393.71
6394.5
6390.78
6400.0
6393.21
6385.01
6392.68
6383.66
6380.36
6387.1
6385.0
6364.52
6364.09
6375.01
6395.01
6386.99
6391.17
6390.42
6402.08
6392.27
6404.73
6411.85
6414.31
6407.43
6406.32
6404.33
6411.96
6392.51
6393.54
6398.77
6394.93
6391.99
6391.79
6390.93
6392.36
6394.3
6389.29
6393.13
6388.0
6405.18
6413.99
6410.52
6419.23
6408.7
6408.04
6417.99
6407.51
6412.64
6415.75
6435.0
6439.91
6435.01
6433.3
6434.88
6437.0
6445.0
6448.37
6445.94
6438.89
6435.73
6445.96
6447.79
6430.0
6434.93
6432.43
6426.86
6426.92
6434.22
6433.2
6438.33
6418.77
6413.23
6410.18
6403.32
6403.63
6397.45
6394.06
6397.93
6391.7
6395.89
6405.0
6415.0
6406.76
6408.23
6402.18
6400.52
6400.0
6408.0
6413.0
6383.01
6384.72
6382.04
6386.29
6386.29
6386.29
6386.29
6386.44
6386.77
6382.67
6379.92
6393.52
6383.47
6387.68
6380.73
6370.0
6379.97
6368.77
6378.84
6372.24
6367.59
6371.77
6350.8
6360.0
6367.0
6395.78
6383.39
6389.04
6385.91
6399.83
6391.01
6380.01
6370.02
6390.73
6397.93
6389.65
6395.11
6432.71
6438.61
6435.21
6422.57
6424.74
6420.21
6426.96
6429.03
6430.0
6433.93
6439.01
6438.66
6449.92
6459.26
6444.0
6445.21
6439.08
6439.0
6445.28
6448.9
6434.66
6432.44
6437.99
6442.97
6450.0
6439.96
6435.5
6420.52
6420.93
6424.99
6416.28
6424.29
6430.0
6424.0
6434.66
6439.85
6445.36
6444.08
6431.1
6445.43
6453.98
6456.48
6445.39
6463.97
6457.0
6430.65
6434.29
6422.1
6409.53
6434.98