141.12
139.94
139.04
139.19
138.0
139.26
138.85
138.67
141.37
141.98
143.31
142.48
143.84
143.92
143.47
144.08
143.81
145.14
144.86
145.12
144.77
144.67
145.78
147.73
143.13
142.19
142.55
144.91
143.39
142.65
142.77
141.85
139.51
141.16
141.13
141.28
142.85
143.03
142.93
142.97
142.67
142.84
143.12
142.33
143.65
143.88
144.02
143.32
144.12
143.17
141.76
142.23
141.52
140.91
141.64
140.73
140.09
141.2
139.99
142.27
141.35
142.03
140.58
140.34
138.97
138.95
139.12
139.19
139.38
139.21
137.18
135.49
135.39
134.95
135.66
137.92
137.87
137.79
138.11
136.98
136.57
135.72
135.7
136.02
135.29
134.97
135.28
135.31
136.25
136.16
136.12
135.84
136.06
135.41
135.74
134.86
134.14
134.44
134.36
134.1
133.83
133.47
134.55
133.12
133.35
133.14
133.0
132.71
133.66
133.37
133.97
133.42
133.83
133.89
133.64
133.85
133.36
133.11
133.04
133.61
133.94
133.12
132.25
133.32
133.27
133.37
134.13
133.33
132.32
131.6
133.52
132.02
132.14
131.69
132.38
131.82
128.58
128.96
128.93
129.05
126.4
126.66
125.86
126.79
126.83
126.92
127.32
126.93
127.29
127.23
127.03
127.25
129.39
129.05
128.98
129.59
129.18
129.31
129.23
129.76
129.11
128.65
129.02
129.07
128.62
129.37
129.75
130.14
130.25
129.91
131.31
131.73
131.4
131.45
131.95
132.52
131.59
131.78
131.59
131.27
130.59
130.47
130.02
129.92
129.96
130.03
129.89
129.54
129.83
130.25
129.95
128.11
128.84
128.68
128.4
127.87
127.86
128.78
128.8
129.65
129.49
131.67
131.3
131.26
131.83
131.27
131.08
131.31
131.57
132.18
132.1
130.99
130.91
130.97
131.46
130.96
131.0
132.11
131.69
131.49
130.66
131.08
131.22
131.21
130.19
131.13
132.08
132.58
133.02
132.59
133.36
134.42
135.29
134.98
135.21
134.82
133.94
134.29
134.22
133.51
134.21
135.0
134.75
134.96
134.69
133.28
133.14
132.55
131.81
130.79
130.3
130.82
128.86
128.08
128.04
128.46
128.36
128.68
128.02
127.92
127.86
127.9
127.5
127.77
127.83
128.04
128.23
128.73
128.95
128.61
129.09
128.01
127.3
127.77
127.04
127.42
126.92
127.08
127.02
126.88
127.22
127.23
127.92
127.38
126.93
126.77
127.21
127.13
126.13
126.29
125.53
125.24
125.26
125.04
124.78
124.85
125.64
124.78
124.33
124.58
122.9
124.7
124.36
124.75
124.57
124.92
125.24
125.19
126.1
126.31
125.52
125.18
125.32
124.9
126.35
127.47
128.8
128.45
128.52
127.82
126.0
125.65
125.7
125.46
125.0
125.28
125.04
125.38
124.55
124.7
124.46
124.34
124.28
125.12
124.87
124.85
124.98
125.32
125.32
125.76
125.08
124.59
124.3
123.72
124.26
123.93
124.26
124.53
124.35
124.89
125.34
125.56
125.55
125.12
125.88
126.33
125.73
125.71
126.34
127.03
127.66
128.05
127.86
127.66
127.64
127.52
127.61
128.18
127.81
128.53
128.47
128.27
128.46
128.52
128.21
128.25
126.89
128.0
128.24
127.84
127.77
128.13
127.63
128.12
128.14
127.38
127.55
128.94
129.05
129.18
129.27
131.96
133.1
133.07
132.87
133.06
132.97
132.96
132.44
132.65
132.06
131.64
132.48
133.33
133.74
134.05
134.04
133.93
132.35
131.94
132.32
133.03
132.75
131.29
130.6
129.67
129.81
129.53
129.59
129.52
129.16
129.46
129.19
128.95
129.14
127.31
127.23
127.18
127.26
127.32
127.45
127.03
126.96
127.46
126.95
127.13
127.2
127.2
127.31
127.31
127.31
127.39
127.18
127.63
127.83
127.32
126.76
127.47
127.13
127.53
127.52
127.57
127.5
127.28
127.4
127.82
128.48
128.26
128.18
128.39
128.07
127.88
128.03
127.79
127.16
128.57
128.15
128.26
127.14
127.02
127.0
126.86
127.16
126.31
126.0
126.81
126.8
126.49
127.16
128.07
128.07
127.38
126.85
126.78
127.52
127.57
126.49
126.88
126.95
126.86
126.3
126.77
126.24
127.69
126.69
127.26
127.46
127.62
128.25
128.22
129.29
128.76
128.39
131.04
132.96
134.31
130.5
130.16
128.87
127.51
127.3
128.68
127.21
123.3
122.25
120.61
121.97
123.42
121.98
121.77
121.72
121.76
123.17
123.53
123.85
124.69
124.43
124.08
121.88
120.93
122.07
120.94
122.93
126.62
127.46
128.31
127.26
128.71
130.47
131.44
132.16
131.63
131.36
131.04
130.92
130.91
131.61
131.43
131.72
132.31
132.31
132.51
132.3
131.67
131.15
131.73
133.46
140.85
140.72
140.72
141.41
141.64
141.29
140.73
140.58
140.78
140.72
141.0
141.52
141.15
141.14
141.29
141.49
141.82
141.95
142.33
142.54
142.8
142.76
142.47
142.69
142.53
142.47
143.09
142.57
142.16
142.21
142.76
142.41
143.14
143.39
143.23
140.67
141.01
141.02
140.93
140.97
140.61
140.49
141.74
142.12
142.22
141.97
142.35
142.25
141.95
142.03
141.74
142.74
142.66
142.88
142.99
142.81
143.05
142.71
144.11
143.77
144.41
144.54
144.5
144.54
145.0
144.81
144.7
144.47
144.17
144.35
144.47
144.57
144.83
144.81
144.52
143.85
144.3
144.34
144.39
144.01
143.81
143.66
144.17
144.2
144.46
144.52
144.48
144.23
144.44
144.77
144.77
144.5
145.0
145.2
144.92
144.97
144.17
143.89
143.43
142.88
143.82
143.94
143.79
143.7
143.04
141.68
141.9
142.28
142.03
141.64
141.9
141.92
140.58
141.47
143.17
142.83
142.8
142.45
142.71
142.85
142.98
143.05
142.76
145.16
145.48
146.0
145.46
145.37
145.9
145.6
145.48
145.27
144.88
145.38
145.22
145.94
146.3
145.65
145.69
145.82
145.0
144.66
144.88
144.86
144.85
145.41
145.12
146.09
147.02
147.2
147.23
147.11
146.81
146.66
147.24
146.99
146.9
147.09
147.13
146.98
147.08
147.59
147.36
147.44
147.38
146.91
147.39
148.06
147.98
147.8
147.7
150.32
150.03
150.03
149.25
149.26
149.13
149.14
149.37
150.18
150.17
150.32
150.48
150.43
150.05
150.85
150.66
151.49
151.14
150.81
150.69
151.06
151.12
150.68
150.96
148.93
149.07
148.68
148.42
148.42
148.53
147.36
147.33
147.35
147.28
147.36
146.97
147.49
147.65
147.65
147.29
147.71
147.0
147.51
148.01
147.77
147.89
148.08
148.46
148.47
147.73
148.28
148.17
148.0
147.89
148.12
148.86
148.83
149.13
149.82
148.69
148.75
148.48
148.78
148.83
148.62
148.3
148.01
148.45
148.76
148.69
147.36
147.25
146.79
146.38
146.71
146.59
146.66
147.01
147.48
147.81
147.27
147.64
147.62
147.44
147.85
147.85
147.85
147.85
147.97
147.95
148.13
147.69
147.31
147.52
146.94
147.19
147.62
147.73
148.35
146.78
146.57
145.87
145.96
145.57
145.85
145.74
144.79
144.99
144.52
145.91
145.69
145.49
145.41
145.35
146.0
149.87
149.66
149.59
149.61
149.22
149.26
150.1
145.93
145.69
146.13
145.43
145.58
144.26
144.51
143.97
144.6
144.76
144.72
144.82
144.69
147.52
147.7
147.82
147.5
147.9
148.71
148.34
148.59
148.25
148.8
147.53
147.33
146.86
146.85
147.09
148.85
148.33
148.8
148.34
148.7
149.3
149.39
149.0
149.42
149.0
149.28
148.87
148.22
147.77
147.21
147.64
147.72
148.5
148.04
149.31
149.16
148.36
148.87
149.42
148.2
148.56
148.28
147.87
150.48
150.2
151.05
151.28
150.49
151.59
151.65
150.59
150.35
150.23
150.27
150.1
150.06
149.23
150.87
151.37
148.71
147.55
147.95
147.55
147.13
147.01
147.47
148.01
147.93
146.89
146.84
148.63
150.65
151.8
151.98
151.75
150.97
150.99
150.06
150.85
152.48
151.81
151.98
152.82
153.78
153.31
153.41
153.59
154.93
154.93
154.37
154.35
153.56
154.1
153.76
154.6
154.92
154.44
153.72
152.31
154.28
154.45
154.91
155.32
154.95
156.87
156.51
156.13
154.82
154.2
154.4
155.03
152.55
153.27
152.09
151.68
152.46
152.63
152.17
152.38
152.39
151.06
150.72
152.35
152.65
154.09
153.67
154.04
153.97
154.63
151.14
151.25
150.9
151.74
151.3
153.0
153.01
152.99
152.68
151.56
152.0
152.59
152.65
153.64
154.72
152.91
153.34
153.71
153.61
154.24
153.81
154.11
153.05
150.94
147.75
148.38
147.43
146.29
142.78
142.28
145.17
146.53
146.9
145.41
145.25
145.41
147.88
147.91
148.11
147.67
148.1
148.17
146.97
145.08
145.14
145.29
145.7
145.81
144.63
144.24
145.21
146.3
146.63
146.58
146.25
147.06
147.64
148.43
148.16
149.13
146.86
147.26
146.04
146.09
147.41
148.09
146.31
147.15
149.5
148.53
148.53
149.59
148.12
146.3
147.26
142.35
145.34
137.25
135.55
135.52
134.7
132.62
134.58
136.82
138.17
138.05
140.51
140.23
144.33
144.15
144.71
144.09
144.83
144.86
144.96
143.93
146.54
148.96
149.36
150.03
149.66
151.35
150.65
149.88
150.54
149.46
149.67
150.13
150.82
151.04
151.0
152.29
152.81
150.46
151.07
151.69
152.79
152.34
153.9
152.7
151.34
149.41
148.77
149.27
149.35
148.8
148.68
150.89
150.96
151.15
150.17
151.89
150.58
149.05
148.61
150.31
149.71
153.17
152.89
152.6
150.42
147.99
147.34
148.43
144.89
144.54
149.89
148.61
147.88
155.04
157.23
157.85
155.22
158.93
160.39
160.01
161.37
161.95
160.8
160.8
160.55
159.73
158.61
160.0
158.19
158.45
160.26
160.96
164.69
168.14
168.33
168.05
170.88
171.22
171.45
174.17
173.99
174.71
174.62
175.0
174.71
175.2
174.36
174.24
174.75
175.37
174.34
174.28
173.67
176.5
175.65
175.7
176.83
175.01
174.64
174.7
174.28
175.1
176.1
176.41
176.76
176.2
175.36
176.19
176.19
175.63
175.5
175.64
174.32
173.86
173.91
173.6
174.04
174.23
174.85
174.77
173.74
173.87
174.24
175.89
176.38
176.79
175.7
176.3
176.7
176.77
176.89
177.57
177.95
176.83
177.96
178.48
178.35
177.72
178.3
178.08
179.7
181.03
181.08
181.68
182.45
181.61
181.89
182.44
182.74
183.06
182.9
182.87
183.67
183.02
182.95
182.68
183.24
183.76
183.93
184.2
185.0
184.41
184.94
185.08
184.93
184.73
184.22
184.14
183.97
185.31
184.33
183.73
183.36
182.81
180.91
181.37
181.48
181.01
181.68
181.96
182.2
182.78
182.41
182.41
183.43
181.94
182.38
182.41
182.27
182.45
182.55
182.28
181.97
181.37
181.67
181.07
181.62
181.16
181.44
180.17
180.59
180.08
179.63
180.23
180.61
180.01
179.95
180.51
179.46
179.37
179.6
179.63
178.99
179.05
179.6
179.19
182.75
183.71
183.24
183.46
183.43
183.72
182.19
182.96
182.03
182.1
181.75
181.52
182.83
183.97
184.58
184.57
184.82
184.21
183.15
183.68
184.36
184.12
184.08
185.12
185.65
184.73
184.68
184.78
185.07
184.64
184.63
185.72
186.19
185.57
187.27
187.17
187.14
187.44
187.81
187.23
187.5
187.17
187.67
187.47
187.9
187.12
186.66
186.33
186.28
186.44
186.9
187.71
186.75
186.49
185.66
185.9
185.43
185.36
185.63
186.1
186.98
186.98
186.51
185.99
186.25
185.38
185.29
185.21
184.17
184.42
183.77
183.18
186.18
185.4
185.6
185.01
185.57
185.74
186.39
185.74
185.55
185.13
185.62
185.42
185.56
184.79
185.59
186.3
185.6
186.07
186.31
185.22
185.8
185.28
186.79
186.4
186.14
186.37
186.23
185.37
186.09
186.72
186.64
188.02
188.21
188.9
189.7
189.81
189.45
188.97
189.77
189.63
189.68
189.89
190.12
189.84
190.07
187.03
186.93
186.67
187.01
186.77
187.36
186.95
186.8
187.42
187.48
187.95
184.76
183.97
184.01
184.35
184.67
184.89
185.25
184.63
184.36
183.95
184.29
184.2
183.61
183.24
184.08
184.82
184.44
184.35
185.55
185.41
184.71
185.08
185.72
184.58
184.3
184.41
184.67
184.37
184.47
183.9
184.54
185.67
183.98
183.76
183.59
182.94
182.6
182.9
182.72
182.25
183.6
184.12
183.66
184.22
183.61
184.73
185.66
186.15
186.62
187.8
187.85
187.7
187.19
186.52
187.53
186.53
185.76
185.99
185.93
185.51
186.37
185.54
186.88
186.84
186.23
186.53
186.54
187.03
188.42
188.73
189.12
189.77
189.31
189.38
189.52
189.73
191.3
191.38
191.3
190.5
188.67
189.62
189.69
189.97
189.54
190.86
190.13
189.68
190.59
191.23
190.65
191.14
193.5
192.81
193.84
192.84
191.47
189.89
189.72
189.54
188.22
188.92
188.89
190.23
190.24
190.53
189.94
190.19
189.94
190.2
189.79
186.44
187.55
186.11
185.53
185.92
183.86
183.7
184.7
186.37
185.91
186.24
186.89
187.3
185.57
186.28
185.61
186.26
187.02
186.4
186.27
187.02
186.91
186.4
186.41
185.1
185.13
184.7
182.88
182.01
181.63
181.73
181.54
180.66
180.75
181.36
181.52
181.54
181.45
181.65
182.41
180.69
180.73
180.61
180.46
179.51
181.25
181.26
180.7
181.28
181.86
181.69
181.92
182.8
182.74
183.22
183.5
184.08
184.01
184.4
184.51
183.78
183.64
183.25
183.15
182.93
183.03
184.04
184.09
184.16
185.06
184.33
183.77
184.45
183.78
183.11
182.85
182.43
182.44
183.06
182.87
182.81
182.73
183.25
183.68
182.91
183.53
183.26
183.22
183.99
184.73
181.57
180.73
180.55
180.61
179.5
181.11
180.68
182.12
182.2
182.42
181.06
182.41
180.78
181.6
181.21
181.07
180.7
182.51
182.2
182.04
182.43
181.55
182.0
181.26
183.58
183.12
183.59
183.1
182.12
183.36
183.9
184.04
180.46
180.28
179.47
182.42
182.42
183.06
183.6
182.51
182.88
182.58
182.14
184.78
183.15
183.87
182.25
183.24
183.51
183.45
182.17
181.32
182.5
182.4
181.28
183.59
183.48
183.57
187.21
186.24
185.72
186.27
186.25
187.84
189.7
191.21
190.98
189.82
191.32
192.71
190.9
191.94
188.0
187.1
186.53
186.0
186.3
187.18
186.09
187.69
188.19
188.37
185.53
186.25
186.51
185.85
185.43
185.66
184.27
184.18
184.96
183.09
182.16
183.99
184.93
183.97
183.55
182.28
181.01
182.06
183.64
182.23
183.4
183.32
184.93
184.83
183.77
182.35
183.46
183.3
184.65
185.22
184.8
187.76
185.66
187.02
184.22
185.38
186.02
186.83
187.63
188.49
187.2
186.64
184.41
185.17
182.06
180.63
179.71
182.82
180.45
180.37
179.37
179.67
180.23
178.16
178.31
179.35
178.48
180.21
180.28
177.59
178.25
179.0
176.92
177.61
176.88
179.39
181.35
179.5
180.23
182.03
181.88
181.2
180.94
182.54
185.75
187.59
187.92
188.95
186.61
188.83
195.05
187.78
181.65
180.14
180.81
181.31
181.12
181.4
179.66
179.42
176.69
166.97
167.35
166.45
165.56
164.9
162.47
162.14
162.9
161.63
161.5
161.41
161.82
161.78
161.15
161.26
161.25
161.25
160.04
161.07
162.24
161.71
162.15
162.78
162.12
163.29
162.13
161.88
161.51
161.36
161.63
161.14
160.58
159.59
161.08
161.05
160.24
161.17
161.26
161.61
162.7
159.58
159.84
160.56
160.88
160.56
160.21
159.17
158.12
158.81
159.41
160.09
166.47
167.37
166.96
166.78
166.24
166.38
166.79
166.73
166.71
171.13
171.13
171.22
171.46
171.67
172.62
172.63
172.33
172.8
172.98
172.45
173.63
172.51
173.32
173.26
174.43
173.11
174.32
174.71
173.93
173.95
174.7
175.07
175.14
174.58
173.88
174.15
174.63
173.91
174.65
173.77
173.4
173.37
173.67
172.71
172.85
176.58
176.49
176.44
176.44
177.05
174.23
174.32
174.22
174.6
174.37
174.5
174.68
175.34
174.39
174.72
175.56
175.05
175.05
175.01
176.05
175.06
175.02
174.18
173.72
173.61
172.03
172.48
171.32
171.79
171.78
170.64
170.34
171.2
170.74
170.66
170.33
169.76
170.28
171.07
172.02
171.27
172.31
171.12
171.7
172.31
172.63
171.77
173.19
173.6
174.08
173.99
173.56
173.32
173.65
174.93
173.01
173.33
173.41
173.8
173.94
172.5
172.12
172.29
172.77
174.01
173.49
174.14
174.34
173.79
173.37
172.84
172.14
171.6
172.05
171.77
172.06
171.49
171.79
170.54
172.9
173.79
173.83
175.94
175.87
176.55
177.0
176.87
177.3
176.55
176.4
176.21
176.59
177.57
177.62
177.58
177.34
176.58
176.65
176.26
176.36
176.52
176.39
176.27
174.22
173.98
174.05
172.77
173.61
173.58
174.15
173.73
174.35
174.74
174.11
174.24
173.51
173.4
173.74
173.58
173.2
173.36
174.41
174.33
176.28
179.11
179.06
178.95
178.66
178.67
179.86
180.01
179.35
179.4
180.13
180.29
180.68
179.52
178.98
178.34
180.07
180.51
179.68
180.22
183.72
181.62
183.69
183.93
183.85
184.33
182.95
183.2
183.72
184.64
185.58
185.18
185.25
186.57
186.14
186.46
186.68
186.31
185.82
186.79
185.9
186.77
186.38
185.59
181.86
182.57
183.33
182.43
183.11
183.13
183.42
183.54
182.75
183.56
183.55
182.54
182.53
182.71
182.26
181.38
181.04
181.7
181.04
180.97
183.17
183.72
183.52
184.03
184.24
183.74
183.92
183.89
182.74
181.87
181.99
182.18
181.5
180.41
181.43
181.49
182.01
182.21
182.27
180.77
180.0
180.69
180.35
180.56
179.76
180.7
182.95
183.43
183.73
184.09
183.04
183.86
183.08
183.13
183.94
184.33
184.0
183.95
184.05
183.44
182.75
183.12
183.18
181.9
180.74
181.11
180.7
181.93
182.17
181.28
181.68
182.4
184.82
184.43
186.03
185.4
184.16
186.48
185.74
186.04
186.64
187.56
188.78
196.33
193.06
190.9
191.21
190.82
191.65
192.34
192.39
192.14
192.34
191.49
190.51
192.02
192.68
191.84
191.73
189.66
189.96
189.64
189.71
190.67
192.83
193.51
193.09
193.91
193.51
192.33
193.11
193.33
193.23
193.23
191.24
192.66
192.21
191.15
192.48
192.78
191.12
191.29
188.66
182.22
183.53
184.05
182.74
182.4
181.08
180.65
180.51
179.95
179.89
181.16
180.72
181.67
180.95
180.59
179.04
177.68
178.77
179.54
179.48
179.29
179.14
179.45
179.85
181.7
180.94
180.55
180.93
180.62
181.4
182.28
182.8
182.68
182.66
183.2
185.09
181.06
180.2
181.53
179.4
179.16
180.68
180.22
181.79
181.53
177.84
176.99
177.43
177.26
174.79
175.19
173.99
172.5
171.36
171.0
171.26
171.5
172.14
169.43
169.07
169.87
170.15
169.58
171.45
171.06
169.28
168.63
173.05
173.46
173.52
172.46
171.72
174.08
174.29
173.46
173.68
172.37
174.07
174.0
175.68
175.08
175.05
175.63
175.63
176.71
176.22
176.26
177.01
175.15
174.78
174.67
174.24
175.47
176.12
173.88
174.25
173.05
174.87
175.02
174.31
174.65
176.11
176.54
176.08
176.53
175.94
175.88
175.22
175.52
176.16
176.85
176.91
177.93
177.97
177.72
177.35
178.52
175.42
175.69
175.44
174.19
174.96
174.71
174.08
172.74
174.45
173.79
173.15
171.63
173.25
172.67
173.41
175.0
175.0
175.0
174.28
172.82
172.24
172.74
173.02
173.87
172.01
172.51
176.22
176.37
176.54
176.25
177.72
178.08
177.42
177.86
178.67
179.6
180.04
180.15
179.81
179.76
180.78
178.86
178.43
177.14
178.01
176.45
176.92
177.1
175.78
176.67
176.45
176.38
177.54
176.54
176.33
176.47
175.51
174.81
174.49
175.84
176.06
175.85
176.73
177.12
176.05
177.07
176.18
177.78
176.52
176.41
175.39
179.66
179.5
178.75
179.7
179.15
180.83
179.56
179.56
180.31
181.57
181.51
182.31
183.03
182.97
184.28
181.75
179.17
181.0
177.5
177.83
176.89
178.13
178.02
178.03
178.88
178.86
177.46
174.85
172.3
173.18
172.4
173.83
167.92
166.93
165.63
166.66
166.52
168.58
168.0
169.7
169.6
169.27
170.92
169.65
168.78
167.46
167.52
168.75
169.77
167.75
165.97
166.53
167.39
169.77
170.65
170.89
170.42
170.06
171.41
172.05
170.8
171.37
171.57
173.45
173.64
173.93
173.02
173.49
174.31
173.86
173.59
174.16
172.65
170.17
170.85
172.64
171.65
172.89
174.69
174.96
174.25
174.75
173.82
174.64
174.95
174.95
175.82
174.48
175.23
174.36
172.47
175.66
170.39
167.87
167.2
167.83
167.39
164.01
164.64
164.81
165.65
165.08
165.9
166.39
166.27
166.65
165.28
164.7
164.97
165.02
164.68
165.42
164.0
165.85
167.02
165.9
164.14
164.84
163.98
159.1
159.96
159.84
165.21
166.83
169.52
168.88
169.9
170.12
170.2
169.34
169.3
168.93
168.47
168.54
167.92
167.82
169.68
169.87
169.67
170.91
170.4
168.81
166.86
168.54
168.93
165.4
167.39
167.73
165.65
166.77
168.57
167.68
164.08
164.52
168.1
169.33
168.91
170.27
170.49
173.14
169.48
166.15
169.21
168.87
164.98
168.32
165.28
188.91
189.11
191.8
190.79
194.5
195.92
197.12
196.45
197.21
195.05
198.86
198.77
200.96
201.01
201.11
201.2
201.23
201.83
200.68
201.76
202.51
204.49
205.78
206.87
206.92
207.9
209.22
208.99
208.92
209.04
209.56
209.38
210.15
209.2
208.53
208.57
208.69
209.38
208.0
209.01
208.79
209.35
211.37
210.94
209.96
208.26
206.57
207.09
207.79
208.11
210.42
211.04
211.27
211.9
210.47
210.16
212.06
211.34
212.39
210.56
210.5
208.96
209.2
211.4
210.86
213.36
215.16
215.89
215.56
215.88
217.42
215.88
215.54
215.92
218.05
216.36
216.39
215.84
216.45
215.09
215.16
216.33
217.1
217.5
218.7
217.0
218.93
218.61
219.54
218.81
218.59
214.4
215.8
216.55
216.44
216.46
216.11
215.29
216.49
216.47
218.49
219.38
218.12
217.16
217.06
216.9
217.67
217.23
217.49
218.48
219.58
217.99
217.05
218.78
220.29
220.29
220.54
219.85
222.31
220.54
219.74
220.58
211.48
208.56
208.93
208.25
206.95
207.63
208.18
207.5
206.1
205.75
206.47
204.06
204.58
206.57
206.38
208.79
210.4
211.7
211.82
211.36
211.32
212.15
213.7
214.04
213.48
213.5
214.69
212.5
212.14
213.94
213.2
213.65
216.0
214.47
212.15
213.07
211.23
212.03
212.17
211.94
208.15
211.92
212.21
213.58
210.4
208.76
210.05
209.47
201.9
202.23
201.14
200.24
198.18
198.23
197.93
198.11
198.62
197.81
198.5
197.07
197.6
197.2
198.02
198.18
197.8
197.6
197.59
199.07
191.6
191.65
191.64
191.38
189.95
189.82
189.21
189.71
193.43
193.95
193.71
193.75
194.1
193.57
194.39
194.29
194.05
194.77
193.99
192.89
189.49
188.98
189.66
189.55
189.44
188.82
188.85
188.87
189.17
187.8
187.4
189.18
188.95
189.3
187.75
187.85
187.91
188.47
188.43
188.18
186.7
188.31
189.25
189.17
188.83
188.11
188.71
188.49
187.43
188.06
188.57
186.03
185.79
185.64
184.18
180.42
180.67
181.09
181.09
180.82
181.16
180.6
180.77
180.61
180.53
180.66
180.95
180.98
181.43
180.7
181.43
181.0
178.7
178.13
178.94
178.69
178.82
178.79
179.27
179.76
179.47
179.0
179.48
179.53
179.09
179.76
179.45
179.25
180.67
180.29
180.34
180.56
180.88
181.33
181.64
179.84
179.35
179.65
179.42
179.05
180.03
179.7
180.37
178.79
178.03
178.65
177.93
177.72
176.89
176.8
177.51
177.83
177.98
177.7
178.06
177.79
178.47
178.55
178.08
177.06
176.21
176.43
176.81
177.5
175.62
176.93
177.47
178.27
178.79
179.17
177.75
177.95
178.22
177.91
178.22
179.37
179.78
179.81
180.03
181.25
179.61
179.33
179.73
177.95
177.85
179.25
179.44
180.65
179.3
179.84
180.3
181.21
181.56
180.55
181.34
181.9
182.47
181.97
182.44
182.7
182.55
183.0
183.16
182.04
181.04
181.99
180.29
179.54
180.81
180.0
180.81
180.04
181.76
182.32
182.04
182.36
182.9
181.38
180.63
178.34
177.21
177.54
178.31
178.99
178.39
178.84
180.9
180.84
181.43
181.35
180.2
180.27
180.04
179.73
180.09
181.9
181.81
182.23
179.38
179.76
180.46
182.65
181.61
181.5
181.62
182.13
182.42
183.24
183.28
179.06
179.0
179.27
178.36
178.57
179.24
179.08
178.62
179.46
179.01
178.09
174.57
173.26
171.88
171.4
171.89
169.83
169.8
170.66
170.39
169.4
169.79
169.36
169.36
169.35
169.31
168.87
168.87
168.87
169.84
168.86
170.36
170.65
171.65
176.44
176.81
176.45
177.3
176.67
177.12
176.71
175.42
175.39
175.36
175.74
175.63
176.72
174.59
174.82
173.94
174.91
174.91
174.91
172.94
172.28
171.43
172.21
171.68
171.63
171.9
171.48
172.39
171.73
171.81
172.2
172.59
174.55
174.71
174.23
175.25
175.3
174.8
174.13
174.44
174.67
175.08
174.53
176.82
176.29
177.91
176.17
177.81
177.42
175.86
175.66
175.61
176.86
177.66
178.65
177.2
177.12
178.24
178.85
178.59
179.15
179.83
178.42
177.76
179.08
179.12
181.07
180.63
181.5
180.79
179.96
179.66
180.62
181.42
181.54
178.62
179.16
177.3
176.4
176.45
178.25
177.9
178.12
178.67
178.97
178.88
178.18
177.96
178.9
178.79
178.5
178.63
179.99
178.33
177.97
177.59
173.76
173.08
173.66
172.82
171.73
172.66
171.59
171.4
170.9
171.26
170.85
171.31
171.62
171.18
171.5
170.95
171.31
171.2
172.5
171.25
170.62
171.04
170.13
170.18
169.55
170.69
169.98
169.37
169.93
170.32
170.57
170.98
170.9
172.67
172.66
172.35
172.63
173.0
172.88
172.81
172.71
171.95
173.0
173.58
166.65
167.59
166.9
168.5
168.61
168.29
168.16
168.57
168.28
167.93
168.5
168.22
168.48
168.19
168.47
169.07
169.37
169.24
169.53
169.52
168.42
168.18
168.72
168.73
169.06
168.78
167.53
167.83
168.92
169.27
169.22
169.88
169.57
169.77
169.53
169.82
168.64
167.27
167.84
168.0
168.03
167.87
167.32
167.3
167.43
168.82
168.82
169.15
169.44
169.14
169.25
169.1
167.29
168.1
164.89
168.2
168.12
168.58
168.77
169.61
168.2
167.61
169.19
170.33
170.61
169.43
170.5
171.73
173.19
172.87
173.86
172.73
171.64
171.37
172.43
184.76
186.72
187.06
187.5
186.68
186.71
186.13
185.57
186.2
185.61
186.56
186.69
185.76
184.65
185.23
185.22
185.45
185.8
187.17
185.84
185.69
186.63
187.34
187.21
187.21
187.83
188.18
187.57
188.16
185.18
185.83
185.93
185.8
186.34
186.41
186.15
186.66
185.99
185.83
186.05
188.15
188.18
188.44
187.98
186.35
186.22
187.32
186.05
187.71
187.78
188.52
188.64
189.13
189.62
190.47
189.79
189.89
189.73
190.5
190.69
190.41
191.11
190.62
190.87
192.03
193.25
186.42
185.97
184.45
184.9
185.5
187.49
187.58
187.82
188.09
188.25
191.26
192.14
189.74
191.05
190.9
189.54
190.22
189.0
188.8
188.7
190.12
189.83
189.44
190.11
190.82
190.72
188.94
189.52
189.51
189.15
189.31
189.23
187.93
188.04
187.8
187.63
189.19
188.4
188.69
189.63
191.97
192.61
192.4
192.1
192.63
192.38
193.59
193.21
194.81
194.25
193.72
192.5
194.32
194.77
194.53
195.22
194.78
195.4
194.05
191.79
189.92
190.56
191.46
192.75
193.69
192.83
191.59
192.12
191.9
191.06
191.26
192.03
193.58
193.58
191.77
192.58
191.98
193.9
193.9
192.6
191.05
189.35
188.88
187.96
185.99
186.62
186.21
185.58
184.88
185.73
185.8
184.78
184.32
184.7
183.03
186.89
186.71
184.3
184.31
185.76
186.02
184.12
185.45
185.18
182.84
183.97
182.72
182.65
187.86
187.97
188.46
187.47
186.48
187.63
188.89
188.42
190.7
192.92
194.47
194.05
196.47
198.39
197.34
196.65
196.24
196.79
196.48
197.7
197.01
195.47
196.94
196.54
197.63
197.05
197.02
197.58
200.42
199.79
199.52
199.12
198.25
201.05
200.35
200.7
202.63
200.68
199.97
198.38
197.98
200.7
200.93
200.69
201.4
201.43
201.63
200.46
200.47
200.9
199.8
200.73
201.08
196.26
195.05
195.54
196.3
195.95
194.8
193.8
194.67
195.04
196.11
195.69
195.28
196.18
196.3
196.66
194.55
193.4
194.92
192.05
189.97
189.42
185.39
184.87
184.76
185.22
184.31
184.11
184.0
184.46
185.01
185.48
185.49
186.67
183.44
183.05
182.62
183.43
182.73
184.0
184.44
184.75
184.93
184.57
185.59
185.56
186.4
185.95
185.15
185.17
185.78
184.92
184.32
184.25
185.6
184.81
185.29
185.85
185.98
185.17
186.11
185.21
184.77
185.77
186.11
182.67
183.29
184.36
183.32
184.22
183.33
184.03
181.75
182.64
181.49
184.12
186.76
186.58
187.62
187.07
187.98
187.7
187.68
187.1
184.55
184.34
183.96
184.56
186.66
183.9
183.59
182.2
184.76
182.56
182.9
180.54
179.9
177.0
181.1
181.5
183.86
187.25
187.7
188.61
186.21
189.67
188.64
187.59
186.14
187.57
188.89
195.32
205.24
204.82
205.71
206.26
206.42
206.0
206.28
205.57
207.26
207.5
207.34
207.55
207.75
208.13
206.49
207.41
208.21
206.98
206.59
207.51
207.32
207.08
207.2
205.98
204.94
205.83
208.58
209.92
210.63
210.2
209.46
208.96
209.71
209.56
209.68
209.2
209.74
210.11
210.06
210.76
211.15
210.97
211.39
211.89
212.17
211.67
211.85
211.56
211.56
211.38
211.85
210.87
210.44
211.79
212.14
211.9
212.7
212.11
213.05
213.61
213.88
213.07
213.18
214.18
216.06
214.69
214.58
215.25
215.11
215.55
214.27
212.59
209.73
210.12
210.02
210.59
211.12
209.38
209.41
209.45
210.7
209.95
210.23
210.58
210.48
211.6
209.69
209.85
206.17
205.98
206.0
206.98
205.71
206.83
206.36
203.44
204.68
204.12
204.66
205.44
202.95
212.07
212.13
212.28
211.29
210.92
211.47
211.41
211.51
210.84
212.65
213.07
210.12
209.44
210.11
209.52
209.51
207.68
208.05
209.21
208.7
210.52
210.87
210.69
210.35
209.02
211.08
215.76
216.1
217.0
216.14
216.27
217.33
218.57
218.68
218.68
218.68
218.68
217.8
217.2
217.26
218.31
217.34
219.75
221.6
222.57
222.67
224.54
224.31
225.29
226.05
225.72
225.42
224.7
225.41
225.77
225.49
225.69
225.04
225.41
226.1
226.13
224.89
224.24
223.63
223.51
224.63
223.24
224.1
228.94
229.16
228.52
227.99
226.64
226.33
225.61
225.03
226.34
226.41
227.58
226.3
226.7
225.23
225.38
225.98
224.45
224.15
226.28
227.82
228.93
228.46
229.98
228.2
229.09
229.65
227.51
229.56
229.99
235.29
233.73
233.44
232.68
229.35
227.93
228.4
228.74
228.97
230.44
232.9
232.9
232.91
231.91
232.28
233.55
233.33
236.32
232.75
231.23
231.55
233.02
233.69
232.74
230.09
229.69
228.18
228.81
228.63
229.05
229.72
229.47
227.05
227.19
222.96
222.72
221.61
221.39
220.98
221.69
220.44
221.0
221.19
221.3
219.51
218.68
218.78
219.32
219.34
218.66
218.57
219.11
218.55
218.42
219.64
220.82
222.75
222.94
221.67
221.87
221.35
221.83
221.44
222.11
222.33
222.23
220.41
223.34
222.94
222.47
222.97
223.35
222.73
222.36
223.44
222.87
222.48
223.02
222.29
223.19
220.21
216.85
217.51
217.55
216.65
215.91
217.1
217.54
217.15
216.91
220.14
220.36
219.75
219.64
219.52
220.12
219.4
220.28
221.39
220.27
216.78
216.67
216.03
216.88
216.78
216.63
217.47
217.33
217.28
217.61
216.21
215.13
214.77
214.08
213.88
213.3
213.9
214.19
213.92
213.09
212.9
213.33
214.15
213.16
213.05
213.77
214.12
214.72
213.96
216.5
218.47
216.26
215.73
215.74
215.41
215.31
216.15
215.89
217.17
216.02
216.54
215.09
213.06
213.09
213.05
212.59
212.15
213.65
212.45
211.58
212.11
211.75
212.61
212.79
209.77
210.5
210.09
209.17
210.91
211.99
211.73
211.99
212.49
209.57
209.11
209.19
209.44
208.11
207.54
208.02
208.09
208.43
206.98
206.65
206.72
206.13
207.46
210.1
210.83
210.61
210.35
211.94
209.7
209.82
209.44
210.13
209.04
208.69
209.13
209.81
208.48
209.09
208.55
210.9
211.67
211.25
211.92
213.14
212.33
213.24
213.7
209.55
210.81
208.0
206.0
207.93
208.67
207.74
208.28
207.46
208.01
207.83
208.64
208.65
210.18
208.12
209.05
209.27
209.27
210.08
210.18
209.98
207.4
206.4
207.39
206.36
207.07
206.79
208.68
208.06
207.51
207.0
208.02
207.44
206.4
205.98
206.05
205.3
207.13
208.7
219.71
220.66
221.3
220.6
220.79
222.15
222.66
223.28
222.25
223.32
219.58
218.36
218.6
218.05
220.2
219.8
219.02
219.17
216.48
215.82
216.37
216.17
217.9
216.78
216.35
217.29
216.29
213.62
215.39
214.71
214.76
214.48
214.3
216.28
220.03
220.03
219.46
217.94
218.59
221.01
221.69
221.34
221.1
221.7
220.01
224.73
222.85
222.39
222.53
222.39
223.02
222.11
221.95
221.5
222.4
223.05
223.01
223.01
216.51
214.82
216.39
215.5
211.44
210.76
211.04
209.14
216.0
213.81
207.9
207.83
207.2
206.88
207.87
207.47
205.85
205.38
205.53
204.29
204.59
205.48
205.18
205.3
212.36
215.96
216.39
218.13
216.75
216.9
211.99
211.18
209.81
211.36
210.78
212.07
212.01
212.0
210.34
210.66
212.24
211.88
214.42
216.52
216.43
217.07
215.0
215.69
216.89
215.86
216.6
218.3
212.72
215.92
216.28
214.7
214.68
215.5
220.74
222.4
222.94
222.09
220.46
223.97
224.85
225.39
225.26
224.84
226.05
226.94
224.3
224.58
225.55
225.2
225.34
222.8
219.8
221.57
218.8
220.67
222.7
221.16
223.16
223.82
225.14
224.85
227.17
227.59
226.38
225.08
225.11
226.79
224.5
226.8
228.46
229.37
228.5
233.24
233.79
232.31
232.23
233.43
232.82
235.12
231.06
227.8
225.04
225.7
225.92
227.0
225.64
225.88
226.62
227.41
227.56
228.08
227.1
225.7
221.37
222.39
221.53
220.07
221.68
220.07
218.71
218.54
218.46
219.06
218.96
217.73
216.19
219.83
216.62
218.24
218.29
217.49
224.78
221.17
223.12
221.87
222.83
223.79
222.21
225.5
226.33
224.34
224.76
224.8
223.5
223.1
224.62
224.72
224.9
224.4
208.92
210.02
216.7
216.58
214.57
214.04
216.39
219.99
217.87
218.5
212.75
213.88
213.24
209.07
211.61
212.5
215.2
213.36
211.9
216.66
216.37
215.0
214.4
213.15
204.26
202.82
196.34
199.6
202.37
203.72
203.75
202.0
201.99
198.62
197.95
196.61
199.26
200.29
198.71
200.22
204.39
202.93
204.09
198.05
199.8
205.39
220.86
217.21
215.63
219.02
224.26
225.52
225.83
228.78
226.63
227.65
228.8
228.34
227.81
228.57
232.32
232.79
227.95
233.32
227.94
231.66
232.95
235.53
226.66
233.17
229.75
229.99
226.06
220.78
226.87
225.8
226.76
223.53
226.75
220.57
221.77
220.95
222.48
217.24
216.16
211.72
226.33
236.62
240.0
237.55
235.52
234.94
238.12
237.89
234.4
238.01
238.31
239.16
243.06
244.46
239.88
265.8
266.35
266.52
267.14
266.0
268.76
268.86
268.98
268.26
269.52
267.17
263.89
264.63
267.2
266.4
269.38
269.5
270.63
269.73
270.25
267.33
266.1
268.83
271.03
270.82
269.11
270.87
271.98
271.97
273.0
273.78
274.08
275.41
275.59
274.84
275.78
276.83
274.31
274.34
274.56
273.03
272.3
272.7
275.45
275.78
276.16
276.09
277.72
275.18
273.23
271.45
269.66
270.47
268.23
271.34
270.7
272.59
267.72
267.72
269.54
266.52
273.98
273.59
273.99
274.02
268.86
272.62
270.07
270.9
273.32
270.41
272.18
271.51
273.62
273.6
271.15
270.18
283.31
285.17
285.68
284.91
288.73
289.4
288.91
288.07
287.78
286.08
288.11
285.83
288.34
292.51
308.36
308.34
308.15
309.24
308.75
308.99
307.08
309.0
311.2
310.72
311.38
313.96
310.8
312.3
308.28
307.77
306.84
304.22
307.42
310.12
310.45
309.56
309.69
308.99
311.82
312.57
311.25
311.95
314.81
313.8
311.93
317.46
315.57
316.15
315.32
316.6
314.38
311.53
313.63
314.04
312.29
310.22
310.49
306.11
307.86
307.01
309.04
308.77
308.55
306.68
308.07
309.64
310.45
310.54
308.15
304.75
304.83
305.78
305.42
305.01
305.85
302.66
306.58
306.2
308.52
306.39
308.45
306.45
307.7
292.36
291.87
293.91
294.27
294.85
294.1
288.18
288.59
287.86
287.81
287.96
288.8
289.41
287.59
286.91
288.78
288.1
287.87
287.03
287.98
292.32
292.29
292.85
295.0
294.84
296.21
295.0
289.58
290.59
291.1
291.22
291.31
291.47
293.18
291.94
292.35
293.84
294.21
293.01
292.64
293.15
288.05
288.3
288.6
286.95
290.0
291.43
291.62
289.58
289.64
292.21
292.35
292.05
293.94
294.16
289.81
284.18
285.14
284.68
286.08
285.88
285.45
284.35
286.11
284.1
283.86
292.98
292.63
293.56
295.14
294.49
295.97
295.62
294.58
296.2
296.33
294.96
294.87
294.1
294.77
296.99
295.8
296.99
295.26
294.41
298.23
299.21
300.66
299.65
302.53
301.28
294.8
293.5
292.95
291.69
292.6
290.0
295.1
294.98
293.61
295.45
292.56
295.14
294.53
292.4
294.69
297.38
298.94
297.02
295.1
293.15
296.59
295.45
290.66
291.41
288.16
289.63
288.28
287.67
290.0
286.86
288.77
286.12
278.06
280.88
274.77
279.09
281.79
282.91
276.8
275.54
289.02
289.02
289.02
289.02
289.02
289.02
289.02
289.02
292.31
287.54
281.27
285.08
282.86
283.64
284.43
280.58
286.0
288.69
294.36
293.94
296.97
297.8
293.01
293.04
295.2
298.79
298.5
297.14
294.16
294.97
289.5
293.5
299.28
303.69
301.58
299.67
301.42
301.17
296.14
296.34
292.81
303.83
301.44
303.23
310.04
309.06
307.2
315.54
317.11
318.55
319.01
319.11
321.09
322.64
318.0
313.73
310.54
312.51
309.55
311.4
311.42
305.46
305.08
304.51
305.29
307.36
307.18
302.54
297.17
299.68
300.41
301.38
297.46
297.4
294.59
298.64
302.29
306.53
309.74
309.14
307.78
306.93
309.93
307.59
304.85
306.47
305.45
304.02
303.54
301.8
307.82
305.33
307.59
305.18
295.95
300.82
295.24
296.16
294.25
292.49
297.41
299.73
293.56
296.62
291.61
289.1
288.24
291.82
288.53
293.74
305.99
310.75
303.2
306.81
312.52
307.09
307.73
311.68
322.3
321.75
332.17
333.77
334.85
333.5
329.98
338.44
334.21
325.66
324.45
337.35
350.54
353.7
351.66
355.5
344.98
343.75
348.38
346.77
338.87
335.26
330.88
331.18
327.82
331.07
327.56
335.03
331.02
316.19
316.06
317.14
316.32
316.31
312.58
308.89
309.34
310.11
309.2
308.24
310.92
309.7
310.1
308.16
311.82
313.94
313.97
312.03
313.52
312.36
313.05
313.11
310.58
311.18
311.13
310.06
311.05
308.19
309.0
305.86
307.98
308.0
310.44
310.94
307.95
309.32
307.66
309.16
308.64
308.36
308.96
307.49
306.45
304.93
306.71
307.1
302.06
302.4
303.57
301.95
306.87
308.67
307.9
312.88
311.05
310.5
310.54
309.03
311.11
310.16
307.24
307.73
308.42
305.63
308.1
308.8
310.85
312.57
315.0
313.44
313.56
311.0
313.37
312.84
308.92
302.75
304.15
305.17
305.45
304.01
308.73
306.91
307.89
308.2
314.23
311.52
306.8
306.46
309.1
308.73
306.59
308.0
306.09
304.3
303.5
304.88
304.69
300.81
296.71
291.41
292.96
294.3
294.95
294.08
289.77
289.14
284.99
285.33
285.7
288.89
288.97
288.91
289.64
286.09
287.31
284.61
286.97
280.17
280.35
280.9
281.77
274.1
272.0
271.75
272.48
272.57
268.83
268.7
268.6
268.8
269.3
269.27
269.0
267.94
267.98
267.18
268.3
266.96
268.18
269.0
269.57
270.22
270.16
271.25
268.8
268.5
268.97
268.6
269.36
268.0
266.86
266.68
267.24
267.21
267.0
266.05
266.72
265.85
267.66
267.8
267.56
268.42
268.98
268.0
268.06
267.72
265.77
265.38
265.48
266.03
264.23
262.72
261.79
263.58
264.31
264.86
264.78
264.4
266.72
266.37
268.7
267.62
267.46
268.93
269.38
269.91
267.44
268.51
268.57
270.79
271.03
270.15
271.61
272.26
273.88
274.22
272.9
272.95
272.83
272.53
272.05
271.66
269.3
275.16
273.22
272.37
272.9
273.55
271.6
272.16
269.55
269.44
268.37
269.0
270.85
268.99
271.75
273.13
268.67
271.28
268.91
266.67
265.98
269.6
269.5
271.99
272.91
273.15
273.51
270.71
270.99
268.82
269.34
270.46
276.98
276.02
276.65
274.0
271.73
271.04
270.32
267.94
269.21
269.13
270.43
269.71
269.99
269.78
270.09
271.73
265.89
265.58
263.47
262.32
263.71
263.49
263.41
264.47
264.79
264.37
266.48
265.0
264.8
266.16
266.27
264.12
263.76
263.54
262.55
257.69
256.05
256.52
255.73
255.49
256.76
257.64
257.18
256.54
254.66
256.36
256.48
256.42
255.69
255.03
255.28
255.07
253.93
254.38
253.52
255.4
256.03
256.03
261.63
258.88
259.52
261.16
259.1
259.0
260.6
260.89
260.54
258.7
257.45
257.29
257.99
259.74
260.1
258.83
260.45
260.39
259.61
259.09
260.42
262.96
263.72
257.63
257.79
255.83
257.3
257.42
257.66
258.91
255.21
249.84
249.47
249.75
248.85
248.9
247.26
248.43
248.64
247.85
248.31
248.88
248.91
248.74
244.62
243.8
245.28
245.72
246.22
244.5
243.76
242.81
243.08
242.45
239.91
239.99
241.22
241.1
239.93
242.53
245.66
246.72
247.0
245.32
245.7
245.59
245.39
245.22
246.14
247.0
247.39
244.46
244.66
244.04
245.33
243.72
243.41
244.03
243.71
243.39
243.16
243.89
243.52
234.16
235.52
237.0
237.03
235.84
233.48
234.27
234.63
233.78
233.23
233.65
231.6
229.25
231.5
232.07
234.23
232.58
231.45
231.9
236.75
238.59
238.03
239.63
243.25
243.65
243.76
244.12
244.76
242.0
242.45
242.37
242.11
240.29
241.91
241.79
244.2
245.36
243.87
243.9
242.62
242.64
243.48
243.25
246.5
247.18
248.17
248.09
249.53
248.92
250.15
248.67
247.79
247.35
248.28
249.3
247.51
249.07
249.3
250.97
249.29
250.71
249.43
247.82
248.95
253.14
253.52
252.52
249.61
248.59
249.27
247.39
247.79
248.31
248.67
248.83
248.36
249.21
246.91
246.23
246.41
246.94
247.05
247.15
249.03
243.41
243.08
241.3
238.69
238.54
241.81
243.01
243.21
243.36
244.1
244.44
246.66
245.01
244.53
245.44
243.96
246.06
245.49
245.89
247.19
246.91
246.87
245.39
246.21
246.51
245.19
243.98
245.78
245.3
245.98
245.53
239.01
241.27
243.22
244.03
245.16
246.78
246.04
245.9
245.97
242.5
242.15
242.46
242.14
242.92
240.49
240.97
240.89
239.51
234.08
239.95
236.13
239.83
240.02
247.41
248.0
248.99
250.25
246.94
244.99
246.84
247.11
245.79
244.68
243.9
244.73
248.03
243.71
248.93
247.87
246.36
249.63
257.84
259.12
261.05
261.09
261.22
259.27
261.15
259.69
257.39
260.04
262.91
262.59
263.6
261.47
261.3
261.77
263.84
266.77
268.84
268.94
268.65
267.48
266.01
269.4
269.51
268.48
267.49
267.8
268.33
267.9
268.56
269.0
268.53
269.17
272.41
271.26
271.17
271.92
271.5
270.73
268.01
268.77
268.11
265.88
266.49
268.04
266.55
265.06
267.73
268.98
265.84
264.6
263.23
265.01
266.8
266.15
264.39
266.41
268.82
269.41
269.03
271.54
270.7
270.1
268.87
266.67
270.59
269.74
262.71
262.71
262.71
262.71
262.71
263.16
261.65
261.11
261.0
260.12
259.63
257.82
261.18
261.85
258.94
254.68
254.86
254.81
253.83
255.1
254.5
252.58
247.97
253.03
254.62
256.56
255.28
254.41
252.35
249.08
262.96
268.77
271.3
269.34
273.74
286.87
284.14
282.84
283.55
283.4
283.77
283.82
282.15
283.03
283.24
282.5
284.15
283.03
271.03
270.85
272.38
269.36
270.4
270.13
269.55
272.02
270.59
272.8
273.56
272.03
272.31
273.5
270.16
267.73
269.65
267.5
267.9
265.01
263.26
261.43
267.72
268.46
268.52
269.3
269.7
271.48
272.0
273.52
272.31
270.56
272.31
273.04
269.42
270.83
269.49
267.4
269.28
271.72
269.42
270.5
271.0
270.27
268.4
269.05
270.98
271.31
273.01
271.95
270.3
271.63
269.41
269.43
267.31
269.49
268.7
266.43
268.4
270.6
270.21
269.71
271.67
266.71
267.8
268.01
267.8
269.4
269.05
268.55
267.96
269.04
267.87
269.72
270.89
268.22
265.44
268.86
265.74
262.39
251.36
249.73
249.56
250.19
250.54
249.97
248.69
247.24
248.42
249.93
250.41
249.97
248.0
247.83
249.35
248.86
250.31
251.92
252.57
252.19
252.61
251.94
250.83
250.33
251.2
252.04
250.91
252.69
252.58
251.18
256.43
256.14
256.66
257.35
252.57
251.14
250.7
250.53
251.86
252.22
251.89
252.25
249.03
250.1
250.57
250.82
254.31
252.73
252.21
252.95
254.09
253.99
254.24
251.39
253.1
253.01
251.55
251.06
250.58
247.53
247.14
243.6
244.12
245.0
244.15
245.14
245.89
245.92
246.02
246.25
244.97
241.72
241.1
240.99
243.94
242.93
242.37
240.76
238.13
237.63
238.93
234.81
234.42
235.37
238.95
238.81
242.91
243.5
244.29
243.72
243.2
243.77
245.91
242.43
248.1
253.6
253.65
252.03
253.16
256.82
252.49
253.02
250.9
251.71
253.29
254.53
256.49
256.47
257.56
258.61
257.87
256.23
257.26
256.16
259.53
255.06
256.37
258.41
262.95
257.25
257.53
256.67
252.72
251.85
252.38
252.09
251.35
250.34
251.99
254.94
253.53
252.11
252.18
250.38
249.5
251.7
252.19
252.4
253.62
252.98
250.0
254.61
254.25
247.44
245.76
245.42
247.26
248.42
247.42
245.2
242.37
247.78
251.33
251.3
249.68
249.11
250.91
252.29
253.04
255.32
248.88
250.84
250.67
260.73
262.48
260.52
257.43
255.0
256.22
256.67
254.0
255.61
256.18
253.2
255.07
254.92
259.72
259.48
254.0
257.48
252.75
253.12
253.76
253.12
246.0
244.34
235.61
235.05
236.48
238.95
236.66
237.02
234.47
236.18
238.83
239.89
239.06
237.45
235.0
235.09
235.65
236.66
235.66
236.09
241.21
244.21
243.5
243.93
239.8
238.53
240.4
244.92
237.36
239.29
233.62
232.62
231.21
229.28
230.82
229.94
234.7
239.52
235.03
228.01
234.42
239.45
238.54
239.61
235.76
237.28
240.64
238.72
243.7
255.31
262.72
265.01
259.15
267.53
254.64
259.68
262.62
263.48
266.34
278.27
261.53
251.23
245.41
250.03
247.6
255.7
259.55
261.72
267.47
259.74
260.62
269.92
273.01
266.68
264.69
249.95
246.87
242.0
239.65
242.37
241.04
242.74
240.0
239.05
231.41
232.04
232.04
232.26
233.7
233.49
228.04
227.09
231.45
229.0
226.0
229.99
223.31
221.34
220.63
217.22
217.0
208.54
204.71
204.34
205.54
208.88
207.45
203.74
207.26
208.81
209.27
206.27
206.13
208.11
207.54
215.0
210.69
208.67
211.58
209.15
204.55
200.07
197.42
196.2
196.87
204.5
201.08
202.15
201.78
200.11
204.21
202.38
194.39
193.74
193.87
192.11
190.26
189.84
188.24
187.73
189.57
190.05
191.46
188.97
189.29
189.65
190.3
187.86
187.55
190.65
190.81
188.2
188.66
186.17
183.75
186.04
183.84
189.08
191.42
190.02
190.82
195.65
196.25
200.74
197.88
198.01
194.03
193.94
192.79
194.86
190.59
192.54
200.56
198.67
197.45
195.47
196.54
199.51
190.34
192.47
189.77
190.16
188.66
188.8
191.92
185.66
183.4
177.02
177.8
176.0
174.86
175.95
176.24
175.36
174.74
173.99
172.92
172.42
171.78
174.77
174.3
175.75
172.76
172.28
170.88
171.57
171.33
172.08
172.99
173.07
172.64
174.38
174.64
174.5
175.24
170.49
170.44
169.36
168.62
170.02
170.28
168.15
168.37
166.92
166.18
166.72
167.32
167.27
167.53
168.28
167.75
169.38
169.71
170.08
170.4
169.16
169.59
169.62
171.1
170.77
171.44
172.07
170.94
169.65
170.42
168.76
168.31
168.02
167.61
167.34
167.0
168.43
168.0
168.35
168.85
168.73
168.24
168.25
167.69
168.3
169.14
168.47
168.27
166.83
167.1
166.86
165.05
166.79
173.0
171.98
170.52
169.49
170.27
171.6
173.14
171.79
171.38
177.21
176.26
176.23
175.96
176.88
174.55
175.33
176.69
175.75
177.09
178.05
178.32
177.68
179.8
171.16
173.1
173.18
173.28
173.27
174.19
173.67
173.89
168.1
165.35
163.92
162.18
163.86
161.87
161.77
158.0
158.56
158.6
159.17
159.39
159.25
159.54
159.36
160.35
161.31
161.59
162.09
162.61
160.65
159.51
158.48
159.89
161.17
161.24
161.81
161.65
161.0
161.5
161.22
161.4
161.05
162.57
163.2
161.76
162.45
162.28
161.6
161.48
162.23
162.97
163.04
161.5
160.84
160.47
160.09
159.73
159.86
160.04
159.87
161.73
161.83
162.37
162.59
162.63
163.89
163.65
162.26
162.63
164.56
166.71
167.9
167.2
165.09
163.98
166.07
166.06
165.55
165.33
165.66
166.01
166.29
166.67
166.93
167.01
166.11
165.42
166.9
160.44
160.52
160.21
159.81
159.78
159.26
160.2
159.56
158.4
158.75
159.55
159.14
159.09
157.85
157.26
157.78
157.4
158.4
157.91
158.0
158.0
158.45
158.31
158.57
159.41
159.19
158.79
158.63
158.33
158.72
158.19
158.11
157.8
158.63
157.47
157.04
157.43
157.45
158.79
160.32
158.81
158.6
158.42
158.6
158.77
159.32
158.96
159.04
158.81
160.3
160.47
159.68
159.62
160.49
161.13
160.91
161.63
160.41
160.46
157.56
156.5
156.18
156.67
156.84
156.89
157.27
156.89
157.5
156.98
156.81
156.42
155.36
155.48
155.4
154.46
154.28
154.0
154.57
155.19
154.22
152.81
152.31
152.15
152.09
151.84
152.72
153.01
153.66
153.49
151.48
151.31
150.92
150.67
151.93
151.79
153.14
153.5
153.54
154.24
154.2
154.65
154.05
154.0
153.65
153.71
153.09
153.43
153.69
154.19
154.02
154.48
154.42
154.32
154.97
154.56
154.1
155.8
156.13
155.4
155.55
155.82
155.71
155.02
154.96
155.0
155.46
154.98
155.71
156.0
155.47
156.47
157.38
157.59
157.47
156.83
156.92
154.82
154.14
153.87
153.4
153.31
153.69
153.85
153.74
153.29
154.13
154.04
153.55
153.86
153.73
152.7
153.27
153.37
153.0
153.0
152.4
151.24
150.1
151.21
151.58
151.26
151.33
152.21
152.47
152.69
151.43
152.25
152.01
152.21
152.37
152.47
152.97
152.79
152.96
152.08
151.97
150.9
152.19
153.17
160.4
165.36
164.65
164.9
164.72
164.81
164.05
163.62
163.8
164.07
164.24
164.19
163.01
162.93
163.35
162.54
164.0
164.04
164.0
163.41
165.53
165.42
165.84
165.34
163.95
164.44
162.89
162.09
162.02
162.62
164.57
164.82
164.17
165.15
164.85
163.9
164.44
165.33
164.58
169.51
170.28
170.27
169.97
169.39
168.54
170.66
171.06
171.47
172.9
172.71
172.88
173.85
173.82
173.9
173.86
174.71
175.25
174.42
174.73
175.37
174.89
175.47
175.7
174.94
174.52
173.26
172.41
171.95
171.29
171.08
171.56
172.45
172.23
171.78
172.5
172.48
171.67
169.71
170.86
171.53
171.12
171.29
171.63
172.01
171.53
169.84
170.5
170.59
169.6
169.55
168.59
168.82
169.62
170.5
170.13
169.98
169.21
168.67
168.32
167.69
168.66
168.56
169.34
168.74
169.4
167.95
168.15
169.0
168.36
170.94
172.25
173.3
172.64
173.41
173.84
173.79
173.73
174.12
173.89
172.73
171.12
173.0
173.85
173.88
173.6
174.04
173.24
172.6
173.88
173.93
173.63
173.62
175.38
176.06
175.38
174.96
175.11
175.28
174.59
174.94
174.89
174.02
174.24
173.25
172.12
172.6
173.12
172.91
172.39
172.57
173.03
172.51
172.64
172.55
173.46
173.29
173.41
173.76
172.86
172.8
171.69
172.0
171.71
170.93
170.56
172.88
173.69
173.49
175.06
175.86
174.99
174.77
174.12
173.68
172.57
172.24
172.3
171.99
170.7
171.49
171.5
171.46
171.97
172.0
171.8
172.6
172.66
171.87
172.62
166.6
166.61
166.17
167.18
166.92
166.6
166.15
165.7
165.98
165.78
166.18
165.82
165.62
166.97
166.47
165.71
165.41
166.75
166.38
166.29
167.27
166.79
166.61
166.7
166.75
166.64
165.72
165.84
165.57
165.85
165.55
167.14
164.19
164.25
162.12
161.22
161.66
162.61
162.47
163.66
163.17
162.53
162.01
162.21
161.2
161.03
160.43
161.48
161.26
160.39
160.59
159.81
160.46
158.23
160.49
160.07
165.06
166.52
165.92
165.75
165.77
166.07
165.77
167.37
167.24
167.51
168.3
168.31
168.65
167.86
168.68
168.77
167.73
168.29
168.81
165.51
164.73
164.22
164.9
164.09
164.03
164.04
164.26
164.08
163.98
163.68
163.54
163.48
162.88
163.44
162.31
162.87
162.67
163.0
162.71
163.45
164.11
164.01
163.69
163.59
163.38
163.18
163.38
163.55
164.04
164.41
164.82
163.84
163.49
163.37
163.25
164.74
164.87
165.12
165.4
165.74
165.88
165.82
165.65
164.86
164.04
165.27
165.27
164.69
163.5
164.69
164.31
165.16
165.7
164.32
165.52
165.17
166.55
165.33
165.83
163.5
162.5
164.23
163.79
164.42
164.69
164.61
162.98
161.37
164.53
164.87
164.91
163.89
164.51
166.06
166.3
165.2
165.27
163.73
164.23
163.57
164.73
164.31
165.38
165.54
170.02
171.32
171.66
171.49
171.49
170.14
175.5
176.3
176.0
177.63
177.0
176.01
176.7
181.05
182.67
180.48
179.96
180.17
180.52
180.81
181.5
180.63
180.75
180.41
180.89
180.54
182.24
181.9
180.15
179.64
180.57
179.85
177.28
175.97
175.57
177.23
178.42
176.93
177.4
177.04
177.36
176.75
177.21
178.22
178.07
178.27
177.9
176.5
177.77
176.86
177.54
176.58
177.21
177.82
178.29
178.72
179.0
181.15
180.71
182.26
181.03
178.04
177.87
178.11
179.59
181.32
179.23
176.8
178.1
174.46
178.45
181.99
180.54
180.9
181.91
183.15
185.35
182.38
182.97
183.34
184.25
174.88
174.01
173.51
172.71
169.12
167.94
167.1
166.52
167.27
167.08
168.2
167.19
166.81
167.38
166.96
167.98
167.62
168.14
167.35
168.1
167.38
167.71
165.27
164.61
165.71
165.14
165.72
167.73
170.52
169.1
166.87
168.71
167.67
164.7
164.02
164.28
163.67
162.39
161.81
161.05
163.82
164.2
164.78
164.25
163.62
164.21
163.92
164.63
166.05
166.17
164.06
163.82
163.79
163.9
164.67
164.44
164.11
162.5
164.71
165.76
164.41
163.79
163.47
164.25
163.04
162.78
164.22
163.55
157.31
158.12
157.92
158.75
157.8
157.65
158.62
155.31
154.81
155.99
154.43
156.35
161.24
161.09
161.83
162.23
161.68
159.75
161.59
162.99
162.49
163.11
162.93
162.68
160.06
161.99
162.14
162.99
160.92
165.53
173.76
178.15
173.94
173.89
173.12
175.3
169.83
169.08
171.55
169.81
167.66
166.71
167.93
166.92
167.7
167.08
167.0
166.07
173.08
176.43
168.38
169.69
164.67
163.0
160.21
159.83
161.13
158.33
156.2
156.57
155.55
155.85
160.11
157.78
153.32
152.92
152.57
151.88
150.97
151.0
149.79
149.53
141.32
141.83
141.25
141.27
140.93
141.41
141.14
140.59
140.19
140.51
140.81
141.36
141.34
141.62
142.09
142.04
141.44
141.46
142.03
142.2
142.11
142.53
142.14
142.44
142.7
142.3
141.57
141.77
141.37
141.17
140.62
141.16
141.08
140.38
140.72
140.86
140.94
141.33
141.04
141.11
141.68
141.38
141.2
140.65
140.32
140.57
140.88
140.78
141.1
140.73
140.79
141.25
142.06
141.67
141.88
141.43
141.72
141.57
141.1
141.08
141.51
141.78
141.84
142.16
141.67
141.19
141.85
141.42
141.94
142.1
142.66
142.35
143.08
143.75
144.81
144.98
140.95
140.95
140.82
140.58
140.72
140.95
140.61
140.53
140.6
140.16
140.53
140.17
140.57
140.74
141.04
138.24
138.27
137.31
137.25
137.44
137.99
138.13
137.74
137.86
137.4
137.2
137.37
136.93
136.97
137.45
137.32
137.22
137.69
137.88
137.7
137.05
137.15
137.46
137.76
137.63
137.83
137.66
137.9
137.52
137.96
138.51
138.33
138.46
139.12
137.94
137.75
137.8
137.87
137.55
137.65
137.48
137.84
137.66
137.75
137.53
138.52
137.91
137.0
136.77
136.78
136.51
137.47
136.36
136.14
136.5
135.97
134.79
133.15
133.23
132.78
133.21
133.14
132.95
132.65
132.38
132.85
132.77
131.77
132.07
132.65
132.91
133.0
133.23
132.72
132.8
133.18
133.35
133.37
133.52
133.47
133.32
133.07
133.06
132.03
131.8
132.19
131.95
133.42
133.7
133.6
134.57
134.68
134.63
135.25
135.2
135.27
135.1
135.42
135.57
135.41
135.53
135.61
135.21
135.46
135.13
135.45
135.44
135.25
134.77
134.77
134.7
134.92
135.84
135.68
136.05
136.27
135.9
136.13
136.1
136.34
135.88
135.63
135.7
135.37
135.74
136.01
135.29
135.89
136.2
136.54
136.17
136.14
135.79
135.87
136.17
136.05
136.01
136.05
135.82
135.87
135.87
136.49
136.63
137.35
137.52
137.29
137.06
136.38
136.17
136.55
136.51
136.2
136.0
136.0
136.0
136.21
135.9
136.87
136.64
136.65
136.26
136.36
136.68
136.36
136.45
135.5
135.72
135.42
135.7
135.21
134.88
134.84
134.55
134.62
134.87
134.56
134.65
134.57
134.81
135.27
135.23
134.79
134.27
134.53
134.24
134.27
132.08
137.03
138.1
138.27
138.2
138.58
138.55
138.8
138.51
138.2
138.44
138.4
138.32
138.3
138.93
138.67
138.88
137.8
137.63
137.54
137.39
137.33
137.59
137.63
137.8
137.67
137.64
137.6
137.39
135.7
137.26
136.96
136.89
136.99
136.8
136.94
137.14
136.9
136.67
138.08
137.61
137.53
137.63
137.8
137.48
137.61
137.72
137.34
137.31
137.06
137.13
137.14
137.37
137.52
136.85
136.94
136.65
136.73
136.52
137.13
137.57
137.56
138.08
137.0
137.34
137.76
137.31
136.74
137.18
136.92
137.08
137.05
136.54
136.91
136.96
136.72
136.59
137.09
137.47
137.04
137.27
135.99
139.4
139.58
139.99
139.9
139.56
138.11
138.3
138.71
139.07
138.4
138.25
138.14
138.17
139.07
138.78
138.38
138.3
138.29
138.46
137.54
138.28
138.12
137.64
137.72
137.06
137.29
137.03
138.53
138.08
140.62
140.73
141.04
139.91
139.5
139.99
140.56
140.5
139.81
140.01
139.95
138.97
141.9
141.7
141.81
141.1
141.24
141.64
141.81
143.1
138.81
137.87
138.42
136.98
135.65
135.21
135.5
135.95
136.16
136.13
136.36
135.68
135.91
134.31
133.79
133.75
134.01
133.0
132.66
132.44
132.45
132.47
132.66
132.54
132.23
132.31
132.77
132.46
131.46
131.42
131.35
131.25
131.22
131.28
131.78
131.09
131.3
131.34
131.07
131.07
130.65
131.15
130.76
130.83
130.72
131.0
131.22
131.41
131.09
131.53
131.68
131.43
131.11
131.16
130.96
131.26
131.23
131.23
131.21
131.23
131.52
131.24
131.77
131.91
130.81
130.83
131.38
131.47
131.85
131.32
131.75
132.08
132.27
132.05
132.29
132.77
132.77
132.82
132.3
132.81
131.72
131.63
131.99
132.53
132.17
132.83
133.04
133.64
133.18
132.98
133.07
133.19
129.92
129.54
129.74
129.32
129.46
129.87
131.3
131.63
131.89
132.81
132.61
132.12
130.8
132.02
131.76
131.71
131.06
131.22
131.79
130.95
131.61
132.0
133.19
133.05
133.08
133.35
133.22
134.57
135.28
135.13
135.1
134.96
134.64
135.56
135.3
134.76
133.84
134.15
134.56
134.29
134.82
134.78
134.27
134.88
134.57
134.87
134.76
134.85
134.3
134.64
135.01
135.52
135.74
135.97
136.55
136.12
136.34
135.93
135.98
135.86
136.33
136.55
135.58
135.9
136.84
137.25
136.43
137.15
136.63
136.4
137.27
136.89
136.05
136.66
134.44
133.63
133.72
133.9
133.73
133.4
132.91
132.31
135.51
137.28
137.25
136.02
136.18
136.2
136.51
136.83
136.32
135.69
135.69
136.02
135.31
136.12
135.42
136.4
136.46
136.03
135.17
135.74
135.45
136.14
136.22
137.15
137.25
136.99
136.9
136.76
136.46
136.57
136.19
137.06
136.53
136.99
136.1
135.39
136.32
136.42
137.57
137.04
137.23
139.01
138.51
138.28
137.97
137.59
137.03
137.16
136.63
136.2
136.43
136.58
136.59
137.32
137.47
136.11
136.46
137.78
138.56
136.88
137.17
136.11
136.75
136.45
134.89
134.93
134.87
135.52
135.07
135.47
136.32
134.9
135.05
135.61
136.5
135.78
136.24
135.56
133.68
132.94
134.34
127.89
127.87
127.34
127.71
127.93
127.08
126.38
125.7
125.95
125.33
124.99
125.31
125.55
125.38
124.85
125.59
125.97
125.19
125.08
125.64
125.33
125.4
125.41
124.77
124.09
124.5
124.05
124.85
125.32
126.42
126.95
127.14
126.95
128.2
128.46
129.8
129.98
129.66
130.63
130.66
131.23
130.93
131.0
131.3
131.53
130.98
131.9
132.13
132.88
133.31
133.34
133.18
133.0
133.39
133.18
133.16
133.05
133.14
133.0
133.58
134.06
132.32
132.03
132.57
131.94
132.37
131.37
130.8
131.58
131.89
132.76
132.3
132.89
133.71
132.64
132.05
131.94
132.0
133.58
133.56
133.86
134.77
134.9
135.84
136.18
134.91
135.65
136.15
135.94
136.22
136.15
136.79
136.49
135.44
135.18
135.2
134.99
135.12
135.34
135.43
135.23
135.16
135.29
135.64
135.51
135.62
134.85
135.18
134.94
134.7
134.53
135.06
135.11
135.5
136.01
135.01
135.98
136.4
136.42
135.86
135.8
136.4
135.85
136.0
136.64
134.96
135.24
136.38
135.83
135.57
134.88
137.1
136.0
134.47
131.6
130.56
129.08
134.95
135.68
136.6
136.2
136.82
137.05
139.38
137.61
138.19
137.55
137.59
137.73
137.56
135.54
135.97
135.12
135.21
135.15
134.57
134.84
135.95
135.82
135.04
134.64
134.73
134.51
135.18
135.25
135.81
136.26
135.11
134.98
135.66
136.03
135.49
135.88
136.28
135.45
136.12
137.29
137.55
137.25
137.57
137.91
137.69
138.25
135.92
136.6
139.3
140.7
138.69
139.87
136.65
136.0
137.64
137.63
136.25
136.45
136.46
137.01
135.84
137.0
137.46
138.62
137.9
137.33
135.54
134.97
131.82
137.78
138.99
139.22
138.49
138.88
137.76
137.39
139.95
139.87
159.87
161.58
162.75
163.14
162.16
162.22
163.99
163.97
164.07
162.79
163.61
163.1
158.73
158.8
157.67
157.85
156.79
158.69
156.57
156.38
155.89
153.01
146.47
147.0
147.02
147.14
147.6
147.53
146.1
145.6
145.9
145.75
145.64
144.4
146.22
146.28
147.07
146.49
146.61
147.26
147.04
146.39
146.96
146.93
146.88
146.57
146.54
146.31
147.21
146.26
145.71
145.99
146.18
145.59
143.25
144.77
144.78
144.85
145.0
145.35
144.7
143.93
144.4
142.86
143.55
142.87
143.04
142.47
142.82
142.33
143.39
143.48
144.01
143.2
143.5
142.56
143.21
143.33
146.02
145.45
146.9
146.4
147.0
145.07
144.97
146.01
147.98
145.89
145.01
146.25
145.49
145.41
145.43
146.31
144.39
145.1
145.49
146.96
145.0
145.59
143.66
143.43
142.48
140.91
140.79
141.1
141.61
142.22
142.6
141.16
142.77
144.12
142.85
145.26
146.51
144.93
145.47
145.73
146.91
146.06
147.35
146.2
145.14
145.24
144.75
146.56
147.36
145.89
145.06
145.3
145.52
144.61
145.54
149.11
144.56
142.6
141.11
143.68
144.38
145.0
144.15
144.34
143.45
142.71
144.38
142.81
139.15
136.98
137.89
136.63
135.57
136.21
136.09
135.86
136.73
135.28
133.06
133.23
132.44
132.26
129.65
127.6
126.93
125.71
126.5
125.7
124.52
124.89
123.95
123.64
125.55
125.04
123.32
123.05
122.78
122.4
122.29
122.0
122.08
121.93
121.76
121.51
121.83
123.06
122.4
122.76
122.15
121.75
121.82
122.26
122.26
122.62
122.01
121.73
121.72
121.55
121.65
121.63
121.47
121.52
121.51
121.22
121.38
121.13
120.26
120.26
120.26
120.5
120.52
120.15
120.17
120.33
120.0
120.26
120.19
119.91
121.7
121.29
120.86
121.34
121.07
121.38
121.42
121.61
121.14
121.23
120.53
120.11
119.95
119.75
119.28
120.18
120.6
120.16
120.34
120.8
120.6
120.59
120.79
120.15
120.32
120.06
119.45
120.15
120.7
120.6
120.43
121.15
120.65
122.66
121.8
121.86
122.4
122.48
120.66
120.66
120.6
120.15
120.13
120.88
120.63
120.67
119.95
120.75
121.61
121.81
121.67
121.71
121.83
121.67
122.52
123.16
122.33
121.7
121.94
121.64
121.17
121.29
120.91
120.27
119.5
121.94
121.15
120.68
119.04
118.8
118.36
118.76
119.5
119.8
119.16
118.66
119.0
119.02
119.57
119.69
119.34
119.2
119.19
118.3
118.22
118.14
119.49
120.06
119.56
120.42
120.29
120.1
120.72
119.39
119.65
121.48
120.77
120.33
119.32
118.9
119.47
118.92
119.15
119.0
118.5
119.33
119.28
119.54
119.8
119.7
123.88
120.7
117.5
117.29
117.15
117.21
117.26
117.42
115.89
115.76
115.73
115.77
116.17
116.73
115.92
115.49
115.92
116.12
118.3
117.84
117.86
118.0
118.06
117.65
118.07
118.07
117.96
117.68
117.53
117.29
116.75
117.72
117.52
118.67
118.28
117.82
118.0
118.14
117.78
117.53
118.05
117.05
117.18
117.34
117.1
117.26
117.21
118.01
118.27
116.7
117.48
117.75
118.62
117.65
118.5
118.35
111.07
107.48
107.5
107.13
107.07
106.97
106.48
104.07
103.32
103.76
103.84
103.26
103.49
102.41
103.14
103.11
103.13
103.44
103.3
103.26
103.16
102.96
103.06
103.17
103.41
103.41
103.75
103.51
103.85
104.52
104.33
104.12
104.0
103.76
103.68
103.64
104.03
103.83
104.17
103.42
103.44
103.72
103.18
102.88
102.74
102.85
102.84
103.1
102.67
101.21
101.6
101.99
101.47
101.8
101.62
101.84
102.17
102.23
101.91
101.79
102.11
101.89
102.13
105.29
106.01
106.28
106.06
105.93
105.66
105.69
105.43
105.5
105.76
105.84
106.21
106.36
106.2
106.41
106.59
106.18
106.17
105.86
105.86
105.87
105.83
105.69
105.76
105.99
106.09
105.99
106.6
106.78
106.53
106.49
106.36
106.34
106.15
106.11
105.96
105.9
105.73
105.76
105.94
106.92
105.83
106.23
105.61
105.82
105.85
105.5
105.74
105.96
106.01
106.1
104.84
105.52
105.77
106.24
106.06
106.59
106.26
106.37
106.99
106.83
106.7
107.16
106.9
107.18
107.63
107.98
108.53
107.95
108.65
108.68
108.77
108.98
109.18
106.67
106.7
106.1
106.9
106.59
106.73
106.49
106.2
107.04
106.76
106.66
106.99
106.87
106.17
106.0
105.65
105.27
105.9
106.09
106.33
106.01
106.01
106.01
106.01
106.55
106.11
106.21
105.83
105.85
105.48
105.12
105.82
106.05
106.13
105.61
105.78
104.93
104.9
104.67
103.48
104.21
103.91
103.72
104.36
103.75
103.43
105.34
105.7
106.12
105.76
106.17
105.67
105.12
105.56
105.35
105.9
105.03
106.36
106.45
106.11
105.95
106.26
107.12
108.57
108.59
108.22
108.51
108.65
108.67
109.19
109.6
107.61
107.54
107.31
107.21
107.5
108.01
107.81
107.62
108.2
108.34
108.05
107.37
104.36
104.78
104.37
104.89
104.49
104.4
104.8
104.41
104.29
104.3
103.58
103.64
104.01
104.14
104.85
104.7
104.86
104.76
104.64
105.04
105.03
104.93
104.57
103.92
103.51
104.1
104.0
103.5
102.71
102.99
102.91
103.99
103.98
104.42
104.22
104.85
105.35
104.89
103.59
103.76
103.95
103.87
102.93
102.63
103.04
103.4
103.85
103.24
103.4
105.65
105.97
105.54
106.58
106.56
105.98
107.53
107.46
109.63
109.62
111.37
111.0
112.75
112.95
113.2
113.06
113.44
113.62
113.55
112.74
112.79
113.0
113.34
113.28
113.43
114.03
114.63
114.63
114.41
114.45
114.47
114.83
115.04
114.88
114.74
115.01
115.28
115.17
115.25
115.35
115.4
115.48
115.34
115.27
115.76
116.0
115.94
116.11
116.2
116.16
116.56
116.81
116.18
115.57
115.49
115.57
115.26
115.05
115.0
114.98
115.27
115.05
114.72
114.7
114.83
115.2
114.99
115.54
115.45
115.19
115.6
115.53
115.07
115.34
114.99
115.71
116.13
116.17
116.53
116.2
116.38
116.38
116.41
116.3
116.29
116.65
116.46
116.75
115.56
115.28
115.66
115.84
116.02
116.05
116.21
116.08
114.75
115.28
115.41
115.8
115.23
115.09
115.32
115.09
115.48
115.82
116.49
116.45
116.29
116.08
115.44
115.9
117.43
117.24
117.22
116.25
117.5
118.53
117.74
117.83
117.52
117.23
117.77
117.7
118.25
118.23
118.33
118.45
118.77
118.35
118.42
118.03
118.35
117.85
118.44
118.21
118.41
118.44
118.0
118.2
117.77
116.33
116.48
115.0
115.77
115.89
116.24
115.67
115.66
116.32
116.4
116.54
116.41
116.88
116.27
116.01
115.67
115.11
116.45
116.6
116.48
116.73
116.88
116.54
116.22
116.9
116.78
117.59
116.67
116.71
115.68
115.99
115.95
115.19
115.01
116.76
117.19
117.19
117.5
117.4
117.6
117.8
117.52
116.78
116.6
116.9
117.23
116.99
117.89
118.11
117.62
119.38
122.74
122.91
122.85
122.91
122.72
123.28
123.55
123.2
122.99
123.36
123.35
123.6
124.14
123.96
123.89
124.12
123.57
124.48
124.41
124.2
124.35
124.3
124.51
124.28
124.68
120.6
120.61
120.53
120.5
120.5
120.5
120.33
120.71
120.65
120.65
119.51
119.42
119.62
119.71
119.27
119.32
118.79
120.31
121.39
120.25
120.31
120.28
120.83
120.33
122.05
121.6
121.8
121.8
120.95
121.21
121.8
122.09
121.9
121.91
122.43
121.98
121.7
121.72
122.16
121.9
121.49
120.93
121.05
119.93
119.7
120.0
120.68
120.74
120.58
120.76
120.84
120.77
120.34
120.46
120.48
119.73
121.87
121.86
122.01
122.38
122.1
121.1
122.02
121.99
122.27
121.49
122.01
122.92
122.2
124.79
122.51
122.43
122.3
122.51
120.07
120.58
120.99
120.28
120.36
119.78
120.34
120.05
120.0
118.92
117.78
118.64
125.71
126.19
126.51
126.34
126.29
128.9
129.37
126.51
126.45
126.24
125.83
128.4
128.42
127.9
127.96
128.41
128.24
128.39
128.99
129.38
128.39
128.13
128.01
127.9
129.0
129.36
128.76
128.39
128.6
116.84
117.09
116.92
116.38
116.78
116.7
116.99
117.21
117.3
116.99
117.28
117.22
116.9
117.18
116.16
115.35
115.38
115.44
114.54
114.55
114.95
116.14
115.7
123.63
123.9
124.24
124.03
124.11
124.33
124.33
124.27
124.43
123.9
124.14
124.5
124.57
124.25
123.87
123.91
124.46
124.72
125.22
125.06
125.23
125.22
126.16
126.16
126.16
126.16
126.13
126.02
125.54
126.54
125.1
125.29
125.82
125.5
126.87
126.4
126.85
125.69
125.68
126.32
125.77
124.0
125.86
125.12
125.95
126.54
126.89
126.2
125.27
126.27
122.8
123.86
123.93
123.49
125.06
127.0
127.98
127.78
127.27
126.8
127.19
126.69
127.49
128.25
126.43
127.04
127.31
127.33
126.83
125.09
125.2
125.62
131.11
131.4
131.2
131.34
132.71
131.68
129.5
134.0
136.42
136.66
149.0
149.68
149.57
150.1
150.25
150.78
149.42
150.1
149.63
149.42
149.91
149.82
149.84
149.85
149.56
149.32
149.97
150.33
151.04
151.1
151.01
150.82
151.23
150.93
150.99
152.72
151.97
152.1
151.74
148.83
148.83
149.48
148.76
149.13
149.85
149.37
149.0
148.95
150.34
151.29
152.77
150.9
150.81
149.11
149.01
148.5
147.7
147.7
147.54
147.61
147.98
148.11
150.12
151.5
150.27
149.98
150.42
151.4
152.8
152.82
152.2
152.35
152.22
152.99
152.6
151.68
153.17
152.15
150.75
154.93
155.11
155.07
155.08
154.58
154.81
154.39
154.74
156.12
155.83
154.82
155.7
154.96
156.85
157.17
157.7
152.49
152.13
151.81
151.65
151.43
153.38
153.11
151.47
151.01
150.97
151.71
151.32
151.69
151.48
150.28
150.03
153.78
153.93
154.5
157.2
156.95
157.38
157.13
156.13
155.81
156.41
156.23
156.27
156.93
157.41
155.33
156.34
155.86
155.03
156.1
159.52
158.47
158.73
159.12
159.1
153.81
153.56
153.43
154.25
152.04
149.3
148.23
148.35
148.77
148.03
147.36
150.8
151.11
150.7
152.64
150.57
151.76
153.99
154.03
153.55
152.27
151.52
147.58
148.4
146.82
147.07
148.63
148.19
148.62
146.37
145.48
146.02
145.34
149.16
148.03
149.45
149.52
147.61
149.4
147.83
149.23
152.65
153.06
152.93
153.27
152.7
152.13
152.27
150.71
153.57
154.87
154.76
151.93
151.07
149.71
150.13
150.72
148.9
151.06
152.22
148.48
148.65
148.94
145.18
145.53
144.33
139.66
139.72
140.17
139.17
139.15
139.07
139.91
139.48
138.13
137.83
138.2
135.51
131.73
132.71
133.25
131.05
133.46
134.4
134.28
133.98
133.79
133.62
135.0
133.54
133.21
132.28
132.09
130.83
129.79
130.98
131.1
130.8
130.89
130.13
130.57
131.13
135.06
135.08
134.67
135.88
136.68
135.6
135.5
134.47
135.76
135.57
134.86
135.37
135.76
134.91
135.45
135.24
134.01
135.96
137.57
138.87
137.87
138.0
137.09
136.96
137.34
136.83
136.55
137.58
138.0
136.42
136.78
137.18
138.79
138.06
137.23
133.95
133.99
133.63
134.06
132.82
133.35
131.99
132.31
134.19
143.37
143.62
136.56
134.69
133.95
134.47
134.69
137.72
136.64
136.36
135.22
134.56
133.99
137.42
137.26
137.83
136.85
136.0
136.55
135.0
135.66
136.98
137.0
137.26
133.91
134.84
134.81
135.08
134.05
133.5
132.31
127.97
115.87
115.72
116.0
117.81
116.7
117.6
117.83
117.1
114.67
114.3
114.06
114.27
114.6
113.27
114.48
114.37
114.39
115.76
114.34
115.41
121.13
122.68
123.21
122.86
124.27
124.74
123.89
124.28
123.98
123.72
123.0
123.39
123.27
123.02
126.72
125.99
127.88
128.0
130.97
130.31
130.59
128.42
128.48
129.25
126.1
126.47
126.4
125.15
124.1
129.39
128.61
127.49
128.45
126.92
129.01
131.55
132.52
134.31
133.43
133.5
135.01
133.73
130.18
129.0
128.58
130.15
130.41
128.81
128.05
123.97
124.78
123.27
125.0
125.71
127.39
126.96
127.42
129.32
126.74
128.02
127.06
127.18
126.57
124.36
130.39
131.05
129.24
139.02
141.16
142.24
137.9
137.04
139.38
146.93
146.67
145.59
156.01
147.37
143.89
144.21
143.37
147.11
145.41
147.25
146.58
148.17
148.8
150.1
148.62
148.38
144.23
129.54
130.28
130.18
129.1
128.41
129.45
128.72
128.66
126.27
126.73
129.0
129.17
130.45
131.75
130.21
128.35
128.08
127.7
128.97
127.0
128.81
125.14
122.78
123.41
115.89
113.01
114.0
113.79
112.29
112.11
110.5
111.02
111.11
110.95
110.03
109.65
110.99
111.49
113.27
107.54
107.7
107.69
106.71
106.29
107.01
107.88
107.16
108.26
107.7
107.5
107.97
106.12
106.89
108.76
108.78
110.44
111.84
114.69
115.67
115.81
115.46
114.57
113.36
115.04
114.0
112.99
111.42
113.33
114.24
115.88
117.64
114.64
114.8
113.6
114.31
109.17
112.62
112.54
114.11
115.59
108.63
108.49
108.06
109.46
108.0
108.97
109.89
107.08
100.99
100.4
100.09
101.2
100.31
100.92
101.16
100.25
99.38
100.24
98.8
102.32
103.06
105.04
104.12
104.57
102.54
103.72
105.6
104.41
103.87
103.09
101.77
101.44
101.05
101.83
102.7
101.24
103.5
103.1
102.98
101.08
100.91
95.33
93.78
92.72
93.65
92.95
94.26
94.31
93.79
95.39
94.35
92.84
93.2
92.33
91.91
91.83
93.37
93.07
92.23
93.72
94.93
93.22
93.33
93.57
93.88
93.2
93.77
95.03
95.15
96.0
91.06
90.84
89.36
89.09
88.97
89.6
85.32
85.12
85.41
85.75
85.49
84.3
84.3
84.18
84.12
83.87
83.87
84.26
83.72
84.0
84.06
85.51
85.85
85.03
85.15
85.28
85.29
85.21
85.71
85.73
85.9
85.21
85.2
84.92
85.02
85.56
85.49
85.69
85.82
85.38
83.41
83.27
82.93
83.32
83.64
83.29
82.25
81.94
81.96
81.76
81.15
82.22
81.98
82.53
82.81
82.11
82.51
83.33
83.48
83.67
83.75
83.83
83.98
83.73
83.41
83.58
83.0
83.41
81.81
82.29
83.01
82.78
83.18
83.17
84.97
85.13
84.92
85.42
84.57
85.32
84.65
84.49
84.89
85.49
85.17
85.65
85.24
85.27
85.9
85.6
84.98
84.81
84.54
84.17
86.16
89.19
89.11
89.58
90.01
89.49
89.41
89.68
88.03
88.79
88.63
88.55
88.2
87.82
87.75
87.79
88.37
88.28
87.96
88.82
89.07
88.6
89.97
89.72
89.59
89.88
90.14
90.03
89.96
88.79
88.8
88.74
89.01
89.34
88.33
87.88
88.16
87.75
86.97
86.85
86.62
87.33
86.63
86.54
87.02
87.69
87.94
86.71
86.12
86.26
86.49
86.1
85.88
86.28
86.62
86.27
86.54
86.2
89.27
89.6
88.81
90.08
90.52
89.65
88.76
88.62
88.76
89.0
89.36
89.48
89.03
89.33
88.09
89.03
89.28
89.65
88.82
90.27
91.27
90.56
91.36
91.42
91.5
90.49
91.08
90.48
91.7
92.0
92.4
92.23
93.16
93.66
92.47
92.97
92.97
94.74
96.21
95.35
95.15
95.65
95.14
92.71
91.66
90.0
90.14
89.18
89.75
90.04
89.72
91.0
90.0
90.18
90.12
91.4
90.47
90.57
90.08
91.71
85.22
85.13
87.51
89.96
87.93
88.05
88.11
87.41
86.89
88.35
89.72
89.54
89.54
89.38
91.73
92.0
92.3
93.05
93.05
93.05
93.05
93.05
92.57
93.01
93.25
90.84
96.11
83.73
84.09
82.88
84.72
86.86
85.82
84.88
85.28
83.89
83.96
83.96
85.56
85.58
86.54
84.14
83.78
83.5
85.79
86.13
89.05
92.44
95.09
96.18
96.53
94.74
95.43
95.91
96.62
97.81
96.67
99.37
99.36
98.66
101.42
102.23
101.55
101.93
101.94
98.64
100.51
99.76
101.58
101.47
100.59
101.84
101.77
102.29
101.83
102.31
102.32
101.49
105.57
105.95
106.67
107.0
107.1
106.69
106.12
105.94
105.71
106.72
106.9
105.93
106.02
106.73
107.8
108.89
108.62
108.75
108.89
108.26
109.13
109.58
109.76
110.11
110.73
110.75
109.89
110.05
110.31
110.0
110.71
110.36
110.91
109.83
105.64
106.81
107.1
107.14
108.03
107.87
107.13
107.34
108.43
106.45
106.14
106.31
106.08
106.21
106.29
110.73
112.55
112.4
111.99
112.3
112.09
112.09
111.58
111.49
111.89
112.22
112.03
111.73
114.66
114.46
114.79
114.87
116.31
116.15
115.33
114.65
115.31
115.61
115.85
115.85
114.99
115.68
114.79
114.94
116.24
115.77
115.84
115.69
115.74
116.51
116.67
118.26
118.32
117.14
116.75
117.5
116.8
116.62
118.58
118.09
118.09
118.09
118.09
116.75
116.11
116.74
117.85
116.05
112.1
112.19
110.36
110.0
110.73
110.64
111.6
111.4
111.64
111.54
111.97
110.63
110.89
112.46
112.98
112.64
113.1
113.84
111.97
112.2
112.38
112.42
111.8
112.87
115.88
116.12
115.57
118.18
117.45
118.14
117.79
117.74
115.67
115.4
116.41
116.04
114.74
116.5
116.39
117.16
118.11
119.26
116.76
117.35
116.85
116.72
120.53
119.39
120.45
119.36
117.5
118.42
118.45
116.91
116.05
117.26
117.66
121.27
121.77
120.05
120.76
123.19
123.04
119.1
118.23
117.2
118.86
119.2
115.96
116.0
113.3
113.78
113.11
112.69
115.43
113.45
113.5
114.85
110.88
109.5
109.54
109.35
108.71
110.47
108.4
105.4
105.8
105.56
104.8
105.17
103.27
104.54
104.78
102.97
101.94
103.04
103.88
103.39
105.75
106.67
105.87
104.59
104.11
104.7
104.01
106.27
106.82
103.93
103.87
104.8
108.08
108.7
106.85
107.34
106.38
108.61
109.73
112.28
113.09
112.79
111.98
113.03
113.94
115.83
113.77
112.54
113.89
113.39
113.85
114.48
114.5
114.12
116.34
113.24
108.73
105.95
104.5
107.37
107.83
109.84
110.11
108.27
108.44
105.17
101.17
104.24
104.99
103.79
104.05
103.3
103.26
106.66
109.38
110.87
110.66
108.12
110.67
118.36
117.97
119.7
119.46
119.0
120.3
120.98
120.81
120.97
119.97
119.93
121.6
121.37
120.75
122.38
122.34
123.42
123.31
122.89
124.31
124.75
121.32
121.79
120.2
119.0
119.42
118.5
118.5
118.96
120.07
120.81
120.17
120.0
122.06
122.03
122.61
123.24
122.43
122.93
122.49
121.64
121.92
120.17
118.67
122.86
123.17
128.01
128.87
128.49
128.18
129.5
130.39
129.41
130.16
129.91
128.79
129.35
131.39
131.4
130.58
133.58
133.92
133.53
135.58
134.83
134.98
136.0
136.33
134.32
134.61
133.13
132.09
131.48
130.58
131.04
132.53
132.95
134.46
131.93
132.94
135.86
132.48
134.15
135.47
135.2
131.12
129.66
126.18
132.25
131.27
129.62
124.62
125.56
127.49
125.89
131.32
129.72
135.03
136.43
135.01
141.49
143.66
136.93
129.79
130.58
128.63
131.87
129.23
127.24
134.67
136.26
139.95
142.55
146.81
148.33
146.78
146.75
145.42
146.86
147.88
150.0
152.38
150.07
151.91
153.43
154.18
153.26
153.36
153.92
154.86
157.26
152.48
155.11
159.98
161.65
163.47
168.11
169.66
168.76
171.85
174.54
175.62
173.83
174.0
174.34
176.08
177.6
173.27
174.3
173.89
173.8
173.86
173.9
173.53
172.84
174.32
174.52
174.4
175.22
174.85
174.53
174.53
173.56
172.54
173.04
172.49
171.99
172.3
172.45
172.1
172.29
171.07
172.12
170.75
171.34
172.43
172.3
172.58
172.41
172.77
172.91
173.92
172.5
171.89
172.3
171.48
172.43
172.66
172.66
172.74
170.25
170.72
172.91
173.48
174.88
175.3
175.69
174.68
175.97
176.38
176.0
176.28
177.28
174.97
176.54
176.93
177.29
177.25
177.22
178.41
177.69
176.33
177.47
178.64
175.22
174.48
175.26
179.09
175.85
175.82
175.01
174.68
165.35
172.54
172.36
172.06
172.4
175.8
174.84
177.21
175.0
174.99
172.0
175.86
174.04
177.32
178.07
178.26
174.02
176.56
171.41
174.97
176.46
181.99
181.36
185.84
195.8
197.91
198.51
198.87
198.28
199.01
203.66
203.57
204.39
204.54
203.99
203.95
203.91
203.76
203.22
203.31
204.0
203.64
204.23
203.86
203.25
206.57
207.29
206.44
205.84
205.7
206.25
206.2
205.42
205.5
205.03
206.5
206.18
206.67
207.1
206.75
206.97
206.63
207.99
208.74
207.8
208.01
208.6
209.06
208.28
208.47
209.58
210.03
210.55
209.92
210.3
209.61
209.47
209.6
209.76
208.44
209.04
209.92
209.92
209.89
210.52
210.54
210.74
209.88
207.81
207.79
208.42
208.21
207.82
207.59
207.59
207.79
209.62
209.25
209.83
209.9
209.99
210.51
210.64
210.0
210.0
209.26
209.79
209.87
209.98
210.89
210.55
210.47
211.1
211.52
211.29
211.18
211.43
211.97
211.8
210.95
211.1
211.0
210.71
209.82
209.28
209.57
210.03
209.67
210.2
208.01
209.49
208.36
207.85
207.85
207.85
208.2
207.54
207.81
207.61
208.07
207.99
208.13
208.79
208.41
208.37
209.2
209.39
209.2
209.05
208.85
211.04
211.52
211.42
211.29
211.43
211.44
210.63
211.01
211.05
209.99
211.32
212.39
212.5
211.85
211.72
211.72
211.88
212.63
214.9
214.43
214.03
213.68
214.0
212.72
213.0
212.74
211.97
212.64
213.61
212.0
213.73
216.72
217.55
216.51
216.72
216.93
216.2
216.53
217.14
217.83
217.3
216.53
216.9
219.25
218.89
219.07
218.39
219.5
219.96
218.05
216.91
217.29
218.01
219.53
219.65
220.55
219.24
218.54
217.27
215.8
214.65
212.94
215.25
214.43
213.62
215.16
213.8
213.7
212.55
210.43
211.65
214.13
211.29
209.43
209.64
208.01
207.78
207.27
208.11
208.46
208.62
208.55
208.36
206.66
206.5
206.29
205.99
206.31
208.13
209.4
208.99
209.59
207.99
207.19
206.78
207.67
206.82
208.54
208.32
207.24
207.02
207.24
207.69
207.9
210.02
210.1
208.9
210.14
209.82
211.26
213.68
204.82
203.63
203.97
200.73
200.42
200.0
200.1
200.06
200.01
199.86
199.99
199.62
198.4
198.15
198.24
198.3
198.32
198.34
198.39
198.57
198.96
199.05
198.4
198.44
198.53
198.41
198.67
198.53
198.4
198.74
198.74
198.9
198.67
198.99
199.07
198.97
199.18
198.92
198.94
198.99
199.32
199.39
199.65
199.7
199.93
200.02
200.21
199.78
199.53
199.57
200.04
199.66
199.27
198.61
198.27
198.01
198.29
198.04
198.4
198.17
198.48
198.47
198.47
198.63
198.86
199.58
197.75
197.66
197.92
197.27
196.77
196.77
196.73
196.49
196.41
196.38
196.57
196.84
196.35
196.64
196.66
196.49
196.89
196.76
196.51
196.58
196.18
196.5
196.22
196.74
196.95
196.89
196.39
196.2
196.14
196.25
195.74
196.63
197.56
192.63
194.15
194.68
194.65
194.54
193.94
194.3
194.29
194.51
194.97
195.02
195.18
195.27
195.31
195.43
195.36
195.49
194.68
194.56
193.4
193.57
194.3
194.22
194.53
194.64
194.73
194.56
194.37
194.17
194.19
194.33
194.76
194.97
194.64
195.12
194.41
194.36
194.02
194.24
194.25
194.43
193.33
193.28
193.61
194.47
194.11
194.7
195.36
194.6
195.13
194.39
200.61
201.93
201.71
201.88
201.93
202.16
201.76
202.14
202.06
202.29
202.44
202.65
202.46
201.93
201.74
201.75
201.66
201.95
202.01
201.87
202.13
202.16
202.27
201.37
201.32
201.41
201.39
201.52
201.25
201.57
201.41
201.26
201.17
201.29
201.13
201.34
201.44
201.54
201.26
201.24
201.39
201.16
201.06
200.7
200.71
200.69
200.76
200.71
200.76
201.11
201.06
201.0
201.27
201.26
201.22
201.43
201.06
201.2
201.07
201.23
200.66
200.46
200.72
200.64
200.15
200.29
200.3
200.39
199.78
200.14
200.68
201.06
201.47
201.5
201.46
203.16
198.86
199.7
199.8
199.36
199.44
199.67
199.67
199.68
199.64
200.43
199.94
200.06
199.98
200.05
199.87
199.73
199.59
199.5
199.82
199.71
199.66
199.24
199.64
200.14
199.45
199.27
199.2
199.08
199.35
199.23
199.02
200.94
200.71
200.52
201.34
201.02
200.88
200.87
200.86
200.9
200.41
201.53
201.42
201.52
201.61
201.43
201.31
201.04
201.38
201.81
201.92
202.15
201.5
201.1
201.47
201.5
201.14
201.09
201.29
201.37
201.16
199.56
198.89
199.22
198.65
198.7
199.02
199.14
198.68
198.32
199.06
200.11
200.17
200.42
200.39
200.58
200.22
201.27
201.39
201.54
201.02
201.2
201.04
201.33
200.22
200.36
200.81
201.08
200.86
200.66
200.94
201.53
201.74
201.56
201.42
201.1
201.62
202.42
202.19
202.49
201.68
201.8
202.33
201.36
202.05
202.09
202.66
202.89
203.0
202.66
202.63
203.55
204.24
203.99
204.71
203.45
203.49
204.21
204.39
204.07
204.07
204.03
204.18
204.03
204.17
204.36
204.71
203.56
202.69
202.77
202.39
202.29
201.99
201.68
201.75
202.5
202.0
202.81
203.32
202.63
202.92
202.57
202.89
204.08
202.92
203.33
201.27
200.71
200.73
200.69
200.69
200.69
200.69
200.69
199.91
199.76
199.97
200.15
200.22
200.27
200.09
199.94
199.97
199.65
199.53
200.43
199.57
199.28
197.63
198.17
197.88
199.68
199.43
199.8
198.94
200.13
199.15
198.54
197.6
198.8
198.92
198.6
198.93
200.34
200.99
201.79
202.2
202.05
201.93
203.25
202.92
202.78
203.38
203.64
204.02
204.57
204.6
203.84
203.49
203.71
203.27
203.56
203.6
202.78
203.2
203.81
204.08
204.31
204.07
204.22
202.91
203.17
203.53
203.71
204.11
204.54
204.14
204.02
205.13
205.31
205.86
205.4
205.1
205.41
205.64
204.52
204.47
204.09
204.07
204.47
203.55
203.9
204.35