45.43
45.45
44.91
44.78
44.58
45.03
45.24
44.95
46.74
47.02
47.63
47.53
47.73
47.91
47.57
47.61
47.51
47.81
47.9
48.0
47.67
47.56
47.75
48.5
46.35
46.23
46.1
46.61
46.36
46.37
46.2
45.61
45.01
45.1
44.91
44.95
45.63
45.33
45.13
45.47
45.44
45.18
45.26
44.74
45.23
45.29
45.49
45.33
45.79
45.77
45.18
45.17
44.86
44.85
45.05
44.41
44.11
44.5
44.5
45.0
44.86
45.11
44.9
45.04
44.32
44.44
44.41
44.37
44.36
44.41
44.03
43.5
43.27
43.24
43.25
43.87
43.92
43.91
44.05
43.84
43.95
43.23
43.02
43.06
43.02
42.78
42.63
42.85
43.09
43.03
42.92
43.02
43.03
43.09
43.16
42.9
42.76
42.5
42.63
42.59
42.71
42.09
42.33
42.29
42.31
42.18
41.87
42.37
42.46
42.55
42.75
42.37
42.45
42.01
41.99
42.11
42.02
42.07
41.93
42.14
42.09
41.65
41.51
41.71
41.76
41.82
41.87
42.04
41.73
41.52
42.0
41.61
41.9
41.49
41.81
41.57
40.36
40.3
40.42
40.33
39.2
39.3
38.88
39.19
39.33
39.43
39.59
39.31
39.57
39.53
39.54
40.39
41.09
41.09
40.99
41.31
41.29
41.35
41.24
41.24
41.01
41.24
41.1
41.26
41.09
41.3
41.37
41.65
41.57
41.31
41.62
41.55
41.57
41.61
41.79
42.0
41.95
41.82
41.83
41.76
41.61
41.75
41.57
41.39
41.29
41.5
41.75
41.53
41.5
41.7
41.56
41.18
41.26
41.17
41.16
41.02
41.08
41.13
40.99
41.59
41.53
42.63
42.15
42.18
42.07
42.3
42.3
42.24
42.24
42.51
42.42
42.31
42.01
42.44
42.53
42.46
42.21
42.41
42.11
42.04
42.13
42.03
42.08
42.22
42.05
42.55
42.64
43.23
43.11
42.66
43.25
43.47
43.83
43.64
43.34
42.97
42.84
42.94
42.84
42.86
43.06
43.11
42.74
43.11
43.5
43.42
43.2
43.13
43.36
42.96
43.13
43.23
42.41
42.41
42.31
42.89
42.7
42.46
42.54
42.39
42.65
42.43
42.22
42.58
42.76
43.09
42.85
43.07
43.23
43.31
43.58
43.2
42.56
42.66
41.98
42.11
41.91
42.17
42.08
41.99
41.88
42.11
41.8
41.58
41.45
41.47
41.61
41.58
40.76
40.94
40.71
40.8
40.99
40.79
40.46
40.56
40.54
40.37
40.13
39.77
39.82
40.31
40.21
40.24
40.5
40.02
39.99
40.02
40.25
40.2
39.98
39.93
39.95
39.9
40.09
40.73
41.09
40.96
40.82
40.63
39.87
39.94
39.86
39.77
39.8
39.89
39.9
40.09
39.9
39.97
39.88
39.76
39.58
39.76
39.97
39.82
39.98
40.15
40.15
40.2
40.16
39.98
39.91
39.99
40.0
39.88
40.47
40.47
39.91
40.0
40.0
40.3
40.07
39.9
40.11
40.12
39.95
39.89
40.09
40.35
40.28
40.71
40.54
40.57
40.33
39.94
39.97
40.3
40.14
41.1
41.0
40.95
40.95
40.75
40.75
40.9
40.43
40.77
40.68
40.66
40.54
40.54
40.64
40.5
40.76
40.5
41.09
41.37
41.29
41.24
41.16
41.58
42.19
42.08
42.1
42.19
42.12
41.99
42.06
41.93
41.83
41.66
41.8
41.98
42.25
42.27
42.5
42.16
41.96
41.71
42.13
42.11
42.02
42.02
41.63
41.2
40.97
40.93
40.89
40.9
40.95
40.95
40.95
41.09
41.1
39.92
39.94
39.87
39.77
39.77
39.83
39.73
39.72
39.78
39.89
39.88
39.87
39.72
39.83
39.85
39.92
39.85
39.68
40.0
39.9
39.9
39.59
39.88
39.91
39.81
39.96
39.9
40.01
39.91
39.86
40.04
40.28
40.32
40.18
40.19
40.12
40.01
40.05
40.07
39.79
40.23
40.19
40.18
40.06
39.78
39.79
39.79
39.69
39.66
39.53
39.69
39.7
39.63
39.45
39.7
39.7
39.53
39.6
39.62
40.0
39.92
39.7
39.73
39.78
39.58
39.38
39.9
40.07
39.76
39.17
39.37
39.35
39.55
39.82
39.9
40.38
40.49
40.33
40.5
40.88
41.39
40.81
40.57
39.95
39.7
39.67
39.64
39.56
38.08
37.43
36.87
37.48
37.68
37.3
37.16
37.04
37.04
37.52
38.66
37.6
37.76
37.88
37.69
36.97
36.88
37.0
36.87
37.01
38.69
38.86
38.87
38.43
38.72
38.91
39.33
39.64
39.45
39.5
39.37
39.51
39.72
39.78
39.7
39.73
39.77
39.77
39.92
40.05
40.07
39.74
39.6
39.81
42.8
42.69
42.73
42.91
43.02
42.94
42.74
42.74
42.52
42.87
42.87
43.06
42.89
42.85
43.09
43.18
43.39
43.3
43.5
43.58
43.52
43.56
43.49
43.41
43.34
43.32
43.5
43.46
43.39
43.31
43.44
43.43
43.82
43.85
43.73
43.33
43.33
43.35
43.28
43.26
43.17
43.09
43.32
43.44
43.49
43.31
43.39
43.45
43.31
43.42
43.46
43.77
43.8
43.81
43.78
43.96
44.02
43.99
44.26
44.27
44.39
44.37
44.4
44.26
44.26
44.26
44.26
44.26
44.19
44.25
44.27
44.19
44.34
44.32
44.24
43.78
43.71
43.63
43.79
43.66
43.63
43.59
43.73
43.68
43.78
43.77
43.71
43.61
43.63
43.63
43.63
43.63
43.66
43.95
43.81
43.74
43.41
43.42
43.22
43.15
43.61
43.68
43.56
43.56
43.45
43.18
43.35
43.47
43.33
43.25
43.33
43.47
43.0
43.35
43.62
43.48
43.42
43.39
43.45
43.48
43.6
43.66
43.51
44.13
44.2
44.34
44.21
44.18
44.29
44.17
44.16
44.09
43.98
44.02
43.86
44.07
44.1
44.13
44.16
44.0
43.76
43.69
43.81
43.94
43.63
43.95
43.83
44.23
44.39
44.5
44.41
44.41
44.27
44.11
44.36
44.49
44.46
44.37
44.42
44.34
44.29
44.46
44.46
44.48
44.47
44.29
44.39
44.84
44.67
44.53
44.55
45.52
45.32
45.46
45.32
45.32
45.21
45.29
45.48
45.66
45.61
45.48
45.48
45.48
45.51
45.8
45.61
45.76
45.7
45.68
45.62
45.85
45.98
45.87
46.02
45.89
45.69
45.81
45.74
45.76
45.64
45.41
45.29
45.34
45.16
45.08
44.94
45.05
45.13
45.2
45.19
45.34
45.07
45.24
45.35
45.36
45.52
45.56
45.72
45.79
45.64
45.73
45.68
45.71
45.9
45.86
45.94
45.93
45.89
46.03
45.43
45.58
45.1
45.4
45.44
45.35
45.17
45.01
44.98
45.21
45.17
45.06
45.16
44.72
44.42
44.52
44.35
44.34
44.39
44.34
44.53
44.34
44.35
44.59
44.76
44.83
44.83
44.83
44.83
44.59
44.62
44.67
44.63
44.59
44.27
44.36
44.56
44.52
45.07
44.73
45.14
44.66
44.56
44.25
44.48
44.6
44.22
44.05
44.31
44.68
44.71
44.67
44.74
44.6
44.89
45.89
45.82
45.99
45.83
46.11
46.0
46.26
44.85
44.78
44.97
44.78
44.88
44.06
44.42
44.1
44.11
44.05
44.05
44.24
44.16
44.75
44.99
45.13
45.22
45.63
45.85
45.73
45.9
45.81
45.7
45.05
44.87
44.53
44.87
45.0
45.58
45.48
45.73
45.37
45.56
45.79
45.97
45.85
45.99
45.57
45.79
45.46
45.33
45.19
45.03
45.3
45.56
45.86
45.7
46.0
45.82
45.91
46.05
46.2
45.84
45.88
45.86
45.87
47.12
47.12
47.4
47.41
47.25
47.64
47.94
47.61
47.45
47.36
47.27
47.29
47.37
47.23
47.78
47.86
46.71
46.61
46.63
46.58
46.25
46.17
46.23
46.41
46.58
45.93
45.74
46.27
46.87
47.37
47.32
47.48
47.13
46.94
47.01
47.3
47.77
47.7
47.73
48.08
48.28
48.04
48.08
48.13
48.47
48.47
48.47
48.58
48.35
48.25
48.47
48.82
48.69
48.73
48.61
48.65
49.17
48.86
48.67
48.84
48.58
49.1
48.79
48.86
48.7
48.52
48.49
48.33
47.36
47.59
47.25
47.08
47.46
47.67
47.35
47.28
47.3
47.08
46.94
47.24
47.67
47.72
47.72
47.75
47.73
47.76
47.07
47.06
46.83
47.44
47.33
47.85
47.79
47.89
47.9
47.39
47.91
47.75
47.75
47.78
48.04
47.93
47.75
47.8
48.22
48.15
47.84
48.09
48.01
47.55
46.9
47.01
47.0
46.23
45.12
44.92
45.7
46.01
46.2
46.0
46.06
45.91
46.65
46.63
46.88
47.0
47.16
46.89
46.88
46.64
46.45
46.24
46.33
46.48
46.42
46.12
46.33
46.54
46.5
46.45
46.32
46.42
46.24
46.79
46.46
46.89
45.92
46.02
45.93
45.56
46.27
46.36
46.29
46.39
46.79
46.52
46.54
46.89
46.18
45.89
46.62
45.27
46.41
44.04
43.22
43.27
43.34
42.37
43.37
43.52
43.95
43.53
44.66
43.92
45.18
45.25
45.2
45.1
45.25
45.54
45.22
44.56
45.45
46.86
47.08
47.47
47.1
47.67
47.24
47.42
47.56
47.01
47.09
47.2
47.81
47.41
47.5
48.28
48.19
47.79
47.8
48.01
48.31
48.17
48.43
47.99
47.69
47.0
46.99
47.58
47.58
46.41
46.8
47.25
47.13
47.08
47.24
47.56
47.27
46.87
47.01
47.73
47.61
48.36
48.54
48.34
47.46
46.68
46.53
46.87
45.93
45.63
47.36
47.02
46.13
48.73
50.39
50.07
49.41
50.26
50.9
50.41
50.63
50.95
50.68
50.68
50.58
50.58
50.41
50.69
50.23
49.42
49.98
50.21
51.25
52.24
52.21
52.11
52.21
52.47
52.58
53.87
54.0
54.95
54.93
54.71
54.97
54.92
54.97
54.9
55.08
55.15
55.09
54.69
54.95
55.31
55.05
55.05
55.39
54.92
55.02
55.06
54.83
55.02
55.18
55.59
55.69
55.1
55.73
55.77
55.77
55.27
54.99
55.17
54.52
54.6
54.58
54.5
54.8
54.7
55.05
55.09
54.35
54.6
55.24
55.66
56.01
56.15
55.64
56.09
55.84
55.94
55.82
55.79
56.04
55.76
55.95
56.1
56.28
56.04
55.98
55.77
56.69
57.11
57.36
58.18
58.2
58.01
58.2
58.37
58.72
58.89
58.82
58.63
58.94
58.79
58.6
58.77
59.16
59.25
59.23
59.43
59.49
59.54
59.73
59.74
59.72
59.38
59.46
59.33
59.23
59.74
59.7
59.32
59.2
59.3
57.9
57.94
58.1
58.03
58.22
58.35
58.31
58.46
58.3
58.21
58.06
57.92
58.05
58.21
58.12
58.45
58.41
58.4
58.18
57.86
58.28
58.63
58.4
57.87
57.62
57.38
57.44
57.51
57.43
57.54
57.6
57.53
57.53
57.61
57.46
57.43
57.52
57.33
57.21
57.37
57.12
57.26
59.03
59.78
59.29
59.77
59.59
59.97
58.84
58.9
58.66
58.62
58.59
58.62
58.81
58.78
58.9
58.94
59.09
59.08
58.87
59.03
59.06
59.08
59.1
59.2
59.33
58.78
58.82
58.78
58.86
58.79
59.3
59.68
59.59
59.65
60.75
60.73
60.81
60.69
60.89
60.68
60.75
60.7
60.94
60.87
60.95
60.7
60.6
60.77
60.97
60.66
61.37
61.71
61.44
61.35
61.04
60.96
60.98
60.98
61.04
61.04
61.26
61.26
61.12
61.45
61.73
61.34
61.28
61.32
61.16
60.75
60.39
60.12
60.86
61.34
61.34
61.03
61.38
61.87
61.71
61.87
61.7
61.84
62.0
61.78
61.91
61.76
62.17
62.59
62.16
62.32
62.23
61.79
62.13
61.78
62.02
61.82
61.58
61.46
61.63
60.86
61.82
61.9
61.94
62.69
62.7
63.26
64.27
64.16
63.82
63.65
64.02
63.91
64.02
64.08
64.14
64.27
64.57
62.9
62.74
62.57
62.98
62.92
63.19
62.94
62.91
63.41
63.33
63.65
61.87
61.87
61.74
61.87
61.86
62.03
62.11
61.72
61.51
61.13
61.02
61.03
60.71
60.76
60.99
61.13
60.95
61.07
61.45
61.44
61.43
61.35
61.86
61.35
61.08
61.22
61.1
61.15
61.01
60.33
60.37
60.78
60.14
60.21
59.91
59.53
59.52
60.05
59.56
60.26
60.63
60.61
60.47
60.56
60.57
60.93
61.38
61.94
62.08
62.22
62.24
61.8
61.66
61.29
61.85
61.58
61.23
61.25
61.35
61.26
61.43
60.87
61.84
61.7
61.33
61.55
61.6
61.39
62.59
62.76
62.86
62.92
62.9
62.96
62.67
63.47
64.01
64.16
63.46
63.54
63.24
63.11
63.16
63.01
63.11
63.46
63.02
62.81
63.1
63.56
62.98
63.38
63.58
63.55
63.77
63.85
63.4
62.62
63.02
62.79
62.82
63.2
63.17
63.27
63.41
63.29
63.66
63.48
63.52
63.36
62.81
62.28
62.93
62.1
62.31
62.58
62.2
61.51
61.43
62.01
61.97
62.19
62.74
62.8
61.8
61.5
61.45
61.63
61.88
61.61
61.23
61.95
61.57
61.71
61.65
60.29
60.23
60.83
60.24
58.81
58.67
58.84
58.61
58.16
58.05
58.19
58.42
58.46
58.22
58.43
58.67
58.01
57.95
57.82
57.76
57.83
57.79
57.99
57.55
57.7
57.76
57.66
57.59
57.84
57.8
58.1
58.13
58.34
58.31
58.44
58.74
58.25
58.4
58.46
58.38
58.15
58.3
58.69
59.0
58.98
59.13
58.59
58.55
58.76
58.61
58.36
58.24
58.24
58.0
58.32
58.25
58.33
58.09
58.37
58.43
58.3
58.55
58.5
58.35
58.35
58.19
57.69
57.84
57.67
57.76
57.51
57.95
57.77
58.49
58.33
58.39
57.96
58.37
57.89
58.39
57.91
58.0
57.76
58.08
58.15
58.15
58.48
58.14
58.23
58.34
58.73
58.7
58.76
58.61
58.63
58.96
59.36
59.28
58.14
57.86
57.34
58.28
58.28
58.48
58.59
58.32
58.26
57.85
57.53
58.63
58.08
58.17
57.79
58.06
58.0
58.06
57.56
57.22
57.91
57.66
57.43
58.08
58.35
57.9
59.4
59.12
59.11
59.25
58.95
59.41
59.64
60.26
60.92
59.32
59.92
60.2
59.85
60.09
58.62
59.35
59.14
59.49
59.44
59.32
59.37
59.71
59.79
60.52
59.69
60.08
60.26
59.93
59.42
60.05
59.33
58.56
59.03
58.3
57.85
58.81
58.98
58.72
58.59
58.25
58.22
57.96
58.73
57.76
58.36
58.33
59.76
60.0
59.24
58.53
58.73
58.65
59.39
59.61
60.02
61.41
61.23
62.24
59.91
60.07
59.71
60.42
61.12
61.6
61.45
62.5
60.15
59.82
57.84
57.01
56.87
57.52
56.92
56.85
56.77
56.56
57.21
56.96
56.04
56.38
55.86
56.47
57.2
56.42
56.51
55.98
55.42
55.25
55.17
55.7
55.94
55.65
55.92
56.95
56.31
56.74
56.26
57.25
58.23
58.87
58.87
58.74
58.76
59.57
62.18
58.48
57.01
56.79
56.97
56.93
57.0
57.06
56.32
56.75
54.98
52.81
52.04
51.18
50.58
50.59
49.75
49.8
49.79
49.63
49.66
49.39
49.6
49.66
49.75
49.89
49.86
49.86
49.71
49.81
50.22
49.99
49.96
50.08
49.74
50.2
49.72
49.38
49.31
49.49
49.5
49.57
49.18
48.54
49.02
48.96
48.73
48.93
48.99
49.41
49.66
49.15
49.22
49.39
49.45
49.51
49.25
48.76
48.56
49.22
49.0
49.01
52.33
52.67
52.58
52.48
52.38
52.47
52.32
52.18
52.47
53.45
53.43
53.4
53.43
53.5
53.87
54.03
54.25
54.46
54.54
54.73
54.41
54.45
54.41
54.46
54.56
54.27
54.76
55.0
54.86
54.75
54.95
54.98
55.07
54.93
54.55
54.66
54.8
54.76
55.11
54.67
54.5
54.18
54.47
54.41
54.34
55.1
54.86
55.09
54.98
55.46
54.15
54.05
54.0
54.39
54.34
54.43
54.44
54.52
54.39
54.8
54.85
54.71
54.7
54.95
55.32
54.65
55.03
54.72
54.16
54.24
53.28
53.63
53.19
53.11
53.24
53.08
53.08
53.33
53.23
53.14
53.29
53.15
53.18
53.67
53.74
53.91
53.99
53.85
53.8
53.86
53.97
54.03
53.71
53.57
53.5
53.53
53.19
53.3
53.42
53.43
53.06
53.17
53.2
53.32
53.5
53.06
53.19
53.01
53.25
53.32
53.02
53.0
53.43
53.01
53.08
52.88
53.17
53.35
53.37
53.38
53.34
53.02
52.84
52.38
53.22
53.49
53.42
54.44
54.5
54.65
54.83
54.75
54.96
54.75
54.4
54.52
54.54
54.69
54.82
54.8
54.26
53.86
53.9
53.66
53.69
53.67
53.52
53.33
52.1
52.16
52.12
51.89
52.39
52.38
52.4
52.29
52.51
52.63
52.66
52.64
52.23
52.4
52.3
52.22
52.17
52.13
52.31
52.54
53.85
54.64
54.78
54.89
54.81
54.95
55.1
54.91
54.9
54.9
55.1
54.94
54.62
54.45
54.43
54.44
54.44
54.56
54.49
54.69
55.55
55.49
55.72
55.52
55.6
55.6
55.19
54.9
55.83
56.29
56.51
56.44
56.63
56.92
57.13
57.03
56.74
56.65
56.48
56.74
56.8
56.85
56.74
56.67
56.42
56.52
56.7
56.91
56.81
57.16
57.02
56.85
56.9
56.95
56.87
56.67
56.68
56.73
56.8
56.37
56.57
56.55
56.42
56.21
57.29
57.32
57.22
57.53
57.37
57.12
57.26
57.59
56.7
56.28
56.26
56.37
56.21
56.07
56.13
56.38
56.4
56.27
56.42
56.0
55.86
55.96
55.99
56.09
55.78
55.84
55.84
55.99
56.26
56.25
56.21
56.27
56.01
56.02
56.07
56.24
56.41
56.56
56.3
56.01
56.24
56.11
56.28
56.18
55.95
55.99
55.69
55.76
55.95
55.93
56.3
56.3
56.13
56.07
56.32
56.39
56.12
56.33
56.21
56.23
56.29
56.64
56.65
58.34
57.71
57.42
57.43
57.09
57.64
57.76
57.7
57.91
58.03
57.83
57.54
57.7
57.81
57.76
57.89
57.77
58.11
57.95
58.22
58.59
59.04
59.0
58.92
59.14
59.05
58.96
59.04
59.12
59.5
59.21
59.0
59.25
59.37
59.81
59.53
59.4
58.91
59.21
57.83
57.57
57.85
57.91
57.5
57.54
57.29
57.12
57.05
56.66
57.01
57.07
56.95
57.06
57.13
57.04
56.83
56.65
56.98
57.11
57.0
56.94
56.75
56.97
57.44
57.46
57.3
57.39
57.29
57.46
57.52
57.78
57.81
57.74
57.97
58.21
58.3
57.57
57.56
57.64
57.48
57.34
57.92
58.12
58.58
58.34
57.03
56.65
56.89
56.48
56.01
55.89
55.71
55.05
54.88
54.56
54.7
54.71
54.86
54.1
53.9
53.88
54.5
54.51
54.9
54.45
54.49
54.04
55.09
55.5
55.78
55.59
55.39
56.04
56.0
55.8
55.72
55.41
55.61
56.0
56.31
56.41
56.13
56.39
56.27
56.73
56.86
56.9
56.86
56.53
56.58
56.48
56.42
56.55
56.9
56.22
56.24
55.8
56.33
56.3
56.23
56.33
56.41
56.68
56.35
56.55
56.59
56.69
56.33
56.39
56.45
56.92
56.89
57.12
57.21
57.1
57.09
57.22
56.96
56.97
57.04
56.82
57.18
56.6
56.52
56.2
56.82
56.02
55.96
55.55
55.89
55.88
55.81
56.39
56.39
56.39
56.54
56.13
55.98
55.92
55.96
56.31
54.69
54.83
55.7
55.63
55.63
55.55
55.92
55.87
55.7
55.87
55.76
56.14
56.03
56.34
56.22
56.25
56.43
56.05
55.83
55.64
55.83
55.62
55.45
55.66
55.56
55.71
55.77
55.27
56.39
56.32
56.17
56.68
56.11
56.26
55.8
55.8
56.17
56.22
56.05
56.23
55.85
56.12
55.92
56.18
55.41
55.6
55.61
56.47
55.55
55.34
55.59
55.55
56.22
55.91
56.11
56.9
57.08
56.75
56.91
56.71
56.89
57.28
56.77
55.63
56.1
55.74
55.78
55.43
55.67
55.98
55.84
55.75
55.83
55.8
55.35
54.8
54.84
54.84
55.21
53.78
53.2
53.03
53.24
52.91
53.57
53.61
53.91
54.12
54.02
54.53
53.8
53.73
53.1
53.19
53.35
53.62
53.06
53.24
53.59
53.32
54.52
54.24
54.72
54.92
54.7
54.41
54.61
54.73
54.68
55.17
55.15
55.25
55.44
55.43
55.52
55.73
55.4
55.48
55.23
55.08
54.6
54.95
55.17
54.98
55.42
55.81
55.9
55.43
55.8
55.59
55.64
55.8
55.57
55.6
55.95
56.01
55.89
55.96
56.47
55.18
55.03
55.15
54.71
54.6
53.89
53.88
54.59
54.6
54.64
55.04
55.04
55.21
55.62
54.83
54.52
54.38
54.81
54.43
54.7
54.57
55.11
55.74
53.95
53.93
53.96
53.71
52.83
52.56
53.17
54.91
55.78
56.93
56.6
57.24
57.36
56.88
56.65
56.65
56.74
56.4
56.16
56.39
56.24
56.98
57.55
57.55
57.72
57.18
56.89
56.01
57.06
56.82
55.45
55.39
55.56
55.25
54.58
55.04
55.53
54.26
55.36
56.19
56.69
56.68
57.23
57.0
57.62
56.53
55.28
57.4
57.51
59.68
58.99
57.19
64.98
64.8
65.53
65.23
65.59
65.94
66.85
66.81
67.06
66.57
66.88
66.77
67.07
66.97
66.59
66.83
67.05
67.04
66.49
67.05
66.85
68.34
71.77
72.33
71.98
71.94
72.78
72.71
72.76
72.49
73.16
73.25
73.5
73.65
73.23
73.36
72.26
72.24
71.9
71.82
71.77
71.93
72.5
72.37
72.03
71.98
71.72
71.63
71.69
72.13
72.22
72.54
72.42
72.76
72.35
72.35
72.14
72.37
72.57
72.19
72.08
71.69
71.53
71.77
71.81
72.73
73.31
73.07
72.86
72.76
73.08
72.96
72.89
73.34
73.95
73.32
73.7
73.3
73.7
73.51
73.15
74.02
74.53
74.44
74.9
74.47
74.69
75.11
75.14
75.04
75.37
74.37
74.04
74.15
74.34
74.21
74.11
74.02
75.3
75.06
75.76
76.12
75.55
75.45
75.55
75.61
75.5
75.69
74.73
75.1
75.59
75.44
75.85
75.5
76.37
76.37
76.3
76.15
77.01
76.89
76.5
75.92
74.47
73.88
74.71
74.46
74.01
74.39
74.65
74.63
73.97
74.3
74.02
73.23
73.35
75.7
75.55
76.95
77.66
78.89
78.54
78.43
78.81
78.79
79.55
80.08
77.4
77.53
76.21
75.45
75.54
76.04
75.63
75.4
76.43
75.8
76.05
75.88
75.31
75.42
74.94
74.94
73.91
75.55
75.51
76.8
75.27
75.04
75.13
75.17
73.52
73.77
73.49
73.79
72.63
72.83
72.6
72.76
72.81
72.85
72.92
72.48
72.44
72.61
72.59
72.52
72.76
72.76
72.97
71.5
70.57
70.62
70.73
70.46
70.08
70.13
69.78
69.86
70.84
71.01
71.02
70.98
71.42
71.56
71.75
71.68
71.39
71.85
71.99
71.5
70.24
70.36
70.22
70.28
70.19
70.03
70.06
69.93
70.3
70.13
70.28
70.73
70.65
70.71
70.32
70.49
70.7
70.83
70.69
70.45
70.09
70.88
71.05
71.31
70.72
70.69
70.87
71.1
70.78
70.79
71.08
70.6
70.61
70.11
69.91
68.51
68.62
68.5
68.64
68.58
68.8
68.75
68.92
68.79
68.81
68.67
68.95
68.65
68.89
67.98
68.47
68.31
67.77
67.71
67.93
68.53
68.66
68.61
68.8
69.04
68.94
68.9
68.82
69.14
68.79
69.2
69.39
69.43
69.29
69.51
69.01
69.06
69.34
68.96
69.41
69.1
68.89
69.05
68.98
69.19
69.47
69.7
69.8
69.13
69.24
69.43
68.76
68.85
68.62
68.6
69.26
69.15
69.23
69.29
69.24
69.27
69.68
69.54
69.45
68.76
68.81
69.08
68.71
69.02
68.94
69.59
70.42
70.93
70.89
71.22
70.46
70.6
70.69
70.4
70.36
70.55
70.72
70.19
70.68
70.87
70.91
70.47
70.57
70.93
70.72
71.1
71.67
71.57
70.29
70.42
70.7
71.13
71.2
70.48
70.84
70.95
71.74
71.76
71.81
71.76
71.79
71.79
71.91
70.63
70.0
70.24
69.23
69.23
69.6
69.17
70.02
69.24
69.59
69.22
70.12
70.34
70.53
70.51
70.2
68.86
68.68
68.47
69.07
68.84
69.07
69.45
70.26
70.41
70.66
70.63
70.1
69.62
69.65
70.0
69.65
70.25
70.86
70.96
69.01
69.53
69.51
71.09
70.6
70.33
70.71
70.96
70.96
70.91
71.09
69.21
69.11
69.58
68.91
68.85
69.59
69.41
69.47
69.26
69.8
70.06
69.29
68.71
66.93
66.77
67.11
65.34
65.38
65.38
65.09
64.99
65.11
65.05
64.84
65.13
65.16
65.3
65.3
65.3
65.64
65.02
65.39
65.54
65.52
67.34
67.12
67.09
67.24
67.39
67.55
67.69
67.25
66.95
66.95
66.79
66.93
66.75
66.15
66.38
65.33
65.47
65.47
65.47
65.39
64.67
64.38
64.82
64.77
64.96
65.23
65.06
65.65
65.5
65.35
65.81
66.87
67.19
66.96
66.91
67.15
67.28
67.11
66.86
66.99
66.89
67.21
67.02
67.72
67.49
68.21
67.67
68.03
67.6
67.12
66.97
66.94
67.29
67.5
67.77
67.38
66.88
68.05
67.75
67.76
68.27
68.19
68.21
68.38
69.08
69.41
70.72
69.68
69.61
69.1
68.84
68.81
68.95
69.19
69.36
69.1
69.45
68.58
67.5
67.3
67.63
67.1
67.46
67.16
67.36
66.97
67.08
66.75
67.15
67.2
67.02
67.48
67.66
66.65
66.9
66.48
65.83
65.93
65.96
65.99
65.75
65.93
65.68
65.55
65.35
65.2
65.56
65.96
66.21
65.99
66.08
66.15
66.41
66.22
66.82
66.71
66.26
66.57
65.24
64.88
64.73
65.1
64.57
64.6
64.72
64.58
64.57
64.74
64.63
65.06
64.86
64.69
65.06
64.97
64.79
64.78
64.83
64.29
64.85
64.69
62.6
63.49
63.56
63.47
63.54
63.8
63.27
64.08
64.13
63.66
63.92
63.86
63.84
63.79
63.71
64.29
64.21
64.3
64.34
64.56
64.18
64.05
64.81
64.99
65.32
64.28
64.13
64.17
64.41
64.13
64.06
64.46
64.08
64.13
63.8
64.12
63.3
62.8
62.77
62.81
62.68
62.91
62.3
62.62
62.91
63.54
63.78
64.04
64.18
64.0
64.07
64.6
63.95
64.35
62.83
64.89
65.0
64.92
65.05
65.31
64.66
64.86
65.16
65.59
66.18
65.81
65.78
66.24
66.35
66.82
67.16
66.68
66.25
65.93
66.78
71.08
71.5
72.31
72.41
72.04
72.09
71.96
71.86
72.03
71.67
72.6
72.62
71.93
71.74
71.6
72.04
72.22
72.4
72.6
72.22
72.35
72.54
72.57
72.83
72.94
72.77
73.12
72.91
73.3
72.54
72.82
72.84
72.62
72.94
72.94
72.82
72.96
72.81
72.42
72.48
73.23
73.07
73.56
73.62
73.07
73.01
73.83
73.68
74.1
74.29
73.62
73.72
73.6
73.7
74.0
73.89
73.67
73.68
73.75
74.17
74.47
74.67
74.03
74.59
74.37
74.94
72.3
72.21
71.12
71.43
71.56
72.48
72.58
72.4
72.77
72.85
73.97
74.13
74.26
74.3
73.86
72.85
73.23
72.85
72.95
72.9
73.12
73.53
73.14
73.33
73.47
73.68
73.06
73.4
73.35
73.18
73.04
72.98
72.59
72.41
72.65
72.51
72.87
72.74
72.34
73.01
74.12
74.03
74.14
74.27
74.2
73.96
75.32
75.34
75.57
75.36
75.11
74.94
75.35
75.3
75.29
75.56
75.17
75.3
74.9
73.28
72.9
73.14
73.76
73.69
74.07
73.71
73.8
73.79
73.61
72.92
73.08
73.3
73.95
73.95
73.49
73.93
73.83
74.12
74.05
73.96
73.67
73.53
73.91
74.19
73.49
73.57
72.87
72.59
72.71
72.78
72.53
72.02
71.52
72.01
71.17
72.97
72.76
72.78
73.28
73.75
73.7
72.53
72.7
72.82
71.29
71.28
70.52
70.58
72.2
71.86
72.33
72.24
71.68
73.1
73.55
73.55
73.99
74.51
75.21
74.87
75.11
75.78
75.77
75.1
75.12
75.42
74.95
74.6
74.54
73.96
75.06
75.35
75.6
75.51
75.79
75.43
76.0
76.19
76.05
76.67
75.98
76.59
76.75
76.51
77.18
76.87
76.21
75.86
76.32
76.84
76.29
75.95
77.19
77.83
78.09
77.82
77.85
78.17
77.58
78.04
78.46
77.04
76.63
76.64
77.04
76.54
76.58
76.48
76.36
76.69
77.88
77.63
77.05
77.03
77.45
77.66
76.56
76.3
77.14
76.5
76.82
76.12
73.01
72.21
73.0
73.17
72.44
72.3
72.22
72.09
72.26
72.63
72.74
72.98
72.57
72.19
72.93
72.76
72.31
72.6
73.82
73.83
74.18
73.76
73.82
73.51
73.95
74.08
74.18
74.4
74.44
74.29
74.13
74.81
74.97
74.2
74.79
75.11
75.74
75.47
75.64
75.33
75.01
75.16
75.49
73.89
74.0
74.6
73.99
74.02
74.28
74.02
73.33
74.05
74.13
74.86
75.88
76.13
76.08
75.9
76.3
76.77
76.67
76.39
76.15
75.91
75.91
76.59
76.79
75.51
75.54
75.0
76.16
75.38
75.2
74.26
74.27
72.53
73.24
73.05
75.01
76.32
77.01
76.78
75.41
77.74
77.1
77.08
76.56
76.76
78.0
78.1
82.34
81.91
82.36
82.68
83.06
83.1
83.11
84.26
84.61
84.65
84.55
85.15
85.64
84.45
84.47
83.95
84.36
83.96
83.01
84.05
83.75
83.11
84.58
85.29
84.21
84.4
84.86
86.11
85.61
85.27
85.29
85.13
85.8
85.06
85.04
84.37
84.65
85.27
85.18
85.01
85.66
85.83
85.8
85.9
85.99
85.91
85.66
85.73
86.77
86.52
87.26
86.89
86.05
86.8
86.71
86.3
86.94
87.03
87.1
88.26
88.67
88.27
88.81
88.75
90.03
89.95
89.7
90.69
90.88
90.78
90.85
90.32
87.82
87.87
87.6
88.2
87.42
87.29
87.47
86.38
86.75
86.38
86.14
86.36
86.37
86.06
85.98
86.39
85.17
85.49
85.51
86.47
86.17
85.71
86.78
83.9
83.01
82.79
83.64
83.66
82.61
85.05
85.38
85.36
84.98
85.89
85.8
86.11
86.17
85.31
85.78
85.93
84.36
83.68
84.97
84.56
83.87
83.17
83.53
84.77
84.86
85.34
86.23
85.58
85.44
84.92
86.28
88.23
88.35
88.69
88.92
89.26
89.0
89.44
89.95
89.95
89.95
89.95
89.82
88.83
89.22
89.97
89.86
89.49
88.44
88.7
88.3
89.86
89.38
89.91
90.12
90.33
90.23
89.47
90.33
90.58
91.2
91.42
89.91
90.63
90.48
91.48
91.32
89.41
89.43
90.06
90.28
89.04
91.06
93.03
93.11
93.16
92.59
92.2
92.4
92.06
92.06
92.21
92.64
93.13
93.05
92.98
92.59
92.61
92.99
91.8
92.4
92.6
92.21
93.43
94.23
94.87
94.06
94.91
95.02
94.72
95.12
95.06
97.64
97.35
97.48
98.0
95.76
95.73
95.43
95.62
95.1
96.14
96.24
97.7
98.03
97.58
98.13
98.34
99.34
100.21
98.69
99.08
97.86
101.4
102.25
102.0
98.27
97.49
94.91
94.39
94.87
94.79
95.3
95.27
95.35
95.43
93.17
93.07
93.15
92.48
92.67
93.31
93.06
93.83
93.51
93.77
93.13
91.32
91.84
92.0
92.03
92.06
91.84
91.75
91.49
91.35
91.23
93.78
94.54
94.7
94.11
94.06
93.9
94.65
94.67
95.35
95.08
94.94
94.36
95.12
95.48
95.14
95.19
95.18
94.74
95.36
96.09
95.5
94.84
95.85
95.7
95.96
95.46
94.13
94.99
95.0
93.88
93.8
93.13
93.73
94.1
93.84
96.49
97.37
97.16
97.27
97.24
97.65
97.27
97.7
98.2
98.04
97.29
97.05
96.25
97.26
97.75
97.75
98.95
98.92
98.79
98.78
99.41
100.05
99.32
98.34
97.63
97.28
98.49
98.27
97.26
96.4
96.6
96.99
96.99
96.81
96.2
96.86
96.78
97.21
97.29
98.06
98.89
98.56
99.71
98.36
97.59
98.61
96.52
95.15
96.38
95.79
96.59
95.68
93.42
93.27
92.95
92.64
92.24
92.88
92.34
91.51
91.29
91.08
91.32
91.53
90.33
90.57
90.57
90.41
90.67
91.42
91.0
91.23
91.47
90.45
90.2
90.6
90.57
89.83
89.33
89.51
89.34
89.54
89.06
89.24
88.98
88.35
89.58
90.38
90.26
91.12
90.76
90.66
90.16
90.37
90.25
90.63
88.93
89.33
89.73
89.55
88.77
89.32
88.74
89.89
90.48
90.37
90.08
90.91
90.66
90.46
90.83
89.53
90.02
88.01
89.06
89.15
89.44
89.59
89.88
89.79
88.89
88.84
89.04
88.93
88.62
88.07
88.75
89.29
89.58
89.6
89.19
89.33
88.4
88.54
88.66
88.14
88.62
88.3
89.08
88.3
88.11
87.54
88.43
88.6
88.52
88.26
87.89
88.09
89.32
89.74
93.6
93.73
94.28
94.24
94.01
94.42
94.75
94.99
95.29
95.64
94.5
94.45
94.4
94.34
94.29
94.1
93.6
93.86
93.29
93.0
93.03
93.21
93.95
92.84
92.39
92.61
92.47
91.5
91.61
91.79
92.09
91.64
91.61
92.19
93.57
93.57
93.33
92.5
92.43
94.14
94.25
94.29
94.26
94.01
94.0
95.73
95.5
95.21
94.42
94.69
94.3
94.58
94.47
93.39
95.38
95.54
95.4
96.05
94.52
93.86
94.6
93.54
93.51
92.49
92.38
91.84
97.1
93.97
90.4
90.18
89.99
89.4
90.17
89.84
89.11
88.71
89.27
88.58
88.45
88.91
88.79
88.27
89.8
92.29
93.09
93.66
92.99
92.23
90.57
89.8
89.99
89.79
90.0
91.06
91.52
90.16
90.87
90.6
91.33
90.71
92.48
93.84
94.07
94.66
93.72
94.3
95.13
94.71
94.71
94.78
92.7
93.2
93.55
93.29
92.49
92.1
95.79
96.65
97.18
96.25
96.07
98.74
99.64
99.25
99.08
98.61
99.38
99.85
99.48
99.29
99.83
99.27
99.35
98.7
97.81
98.28
97.4
97.49
98.28
97.6
98.57
99.04
99.31
98.83
100.28
99.72
98.97
98.81
98.2
99.03
98.61
98.81
101.32
101.37
100.01
103.06
104.43
103.5
103.75
103.9
103.35
105.05
99.88
99.18
98.8
99.32
99.17
99.4
99.12
98.93
99.79
100.13
99.86
100.25
99.57
99.09
97.91
98.19
98.59
97.74
98.94
97.4
96.49
96.48
96.8
95.95
96.9
96.78
96.6
98.19
96.5
97.6
98.17
96.92
98.91
97.31
100.3
98.9
98.4
99.32
99.0
100.67
101.31
101.15
99.4
100.3
100.12
100.1
101.57
101.03
98.96
97.2
89.72
89.38
93.19
92.9
92.28
91.14
93.67
93.94
91.52
92.7
89.51
90.35
90.06
88.1
90.09
91.28
92.43
90.98
89.8
92.6
92.3
92.45
89.94
90.01
84.4
84.4
78.7
79.32
80.02
80.58
80.76
80.68
80.2
79.25
79.49
78.32
79.75
80.15
79.75
79.95
81.0
80.09
79.78
78.2
79.58
82.5
88.37
86.82
86.98
87.87
89.62
89.8
89.73
90.99
89.85
89.25
89.49
89.48
89.25
89.17
91.35
91.25
90.76
91.9
90.73
91.26
92.0
92.34
90.07
92.48
91.54
91.62
88.77
86.85
88.94
88.75
89.01
87.99
89.25
87.82
88.26
88.29
89.33
88.24
87.59
87.31
89.9
91.33
93.39
90.85
89.06
89.58
90.89
91.15
89.88
91.22
92.91
93.6
93.45
93.53
93.83
98.77
99.94
100.6
100.58
99.59
101.17
100.88
101.75
101.05
101.01
100.57
98.86
98.59
101.4
100.81
102.04
102.26
102.55
102.35
102.68
100.91
100.08
100.59
102.85
102.44
101.52
102.82
103.08
102.84
102.92
103.52
104.2
104.04
105.15
104.79
105.2
105.4
105.4
105.49
105.54
105.2
104.64
105.28
105.09
104.96
105.49
105.35
106.33
105.24
104.56
104.06
103.2
103.88
102.09
103.3
102.52
103.04
102.79
102.79
103.34
102.05
102.13
103.82
104.72
103.01
99.9
103.14
102.1
102.53
103.57
100.97
101.51
101.12
101.85
101.91
102.0
99.95
103.66
106.1
106.39
106.84
108.41
108.04
107.3
107.02
108.15
108.05
108.54
107.63
105.95
110.53
117.84
118.4
118.2
118.7
119.2
118.94
117.96
118.66
118.86
119.13
119.4
119.87
119.89
119.59
119.2
118.8
119.5
118.7
118.45
119.17
119.04
119.3
119.66
119.63
120.03
120.62
119.81
119.85
121.43
120.9
120.54
123.35
122.61
123.33
122.81
123.24
123.76
122.6
123.36
121.79
121.24
121.35
120.82
120.4
120.71
120.67
120.24
120.57
120.42
120.58
121.19
120.9
120.59
120.76
119.51
119.12
119.22
119.24
118.69
118.95
120.2
119.79
120.53
119.37
120.54
119.45
119.76
119.15
120.52
117.6
118.08
118.64
119.2
119.01
119.38
118.49
118.43
118.31
118.56
118.18
118.49
118.8
118.13
118.26
118.51
118.09
118.37
118.1
117.73
119.9
119.46
119.85
120.37
120.38
121.06
121.19
119.09
119.12
118.97
118.95
119.26
118.72
118.87
119.44
119.38
120.1
120.54
119.79
120.12
120.43
118.5
118.71
119.41
118.97
118.95
118.7
118.83
118.3
118.68
119.6
119.05
119.47
120.28
120.31
120.06
117.98
117.73
118.6
120.78
119.67
119.49
118.57
119.94
119.14
119.94
123.13
123.27
123.45
125.12
124.8
125.83
124.41
122.93
123.07
123.9
123.22
124.0
123.31
123.49
124.8
124.82
124.53
119.94
119.52
119.6
120.2
120.77
120.38
122.08
120.71
118.7
118.24
118.7
118.09
118.45
117.51
120.25
120.0
119.48
120.02
119.01
120.07
119.65
120.74
121.27
121.77
122.34
121.16
121.33
120.36
122.04
121.8
118.54
118.69
117.02
116.97
117.46
117.79
118.9
118.01
119.35
117.97
114.66
115.93
114.97
115.24
115.94
117.5
114.72
114.31
120.66
120.66
120.66
120.66
120.66
120.66
120.66
120.66
121.3
119.06
115.19
117.28
115.91
117.32
118.2
116.11
119.04
119.38
122.52
121.33
123.67
124.58
123.49
123.57
122.52
125.11
125.3
125.07
124.18
124.56
121.51
121.63
129.62
129.99
129.27
129.58
130.65
130.5
133.03
129.08
127.52
132.04
131.66
130.46
134.85
129.07
127.36
131.44
131.6
132.24
131.99
131.64
132.58
134.22
133.61
133.24
133.16
133.33
133.49
133.92
134.15
134.21
128.47
127.99
126.14
128.41
128.44
125.24
117.89
116.7
117.05
116.99
116.02
116.67
115.75
116.23
117.0
118.44
119.74
119.16
119.23
119.69
120.76
118.9
118.52
119.84
118.79
117.83
118.44
117.33
119.72
117.65
117.46
119.16
113.94
115.75
114.8
114.8
113.64
113.0
114.07
116.3
114.1
116.17
114.39
112.46
114.89
116.77
114.17
115.99
119.33
118.44
113.81
115.82
118.37
117.69
116.33
115.0
119.6
118.97
128.26
128.86
129.61
128.63
128.86
130.83
130.81
129.74
130.46
129.96
135.28
135.65
135.96
137.29
136.75
135.32
136.76
137.4
136.0
134.71
133.94
133.43
133.91
134.7
133.6
135.33
136.12
134.85
134.14
135.15
135.5
137.63
132.91
132.18
132.42
132.83
132.32
131.5
132.69
132.79
132.22
131.38
133.81
135.35
135.56
135.7
135.43
135.0
135.73
135.46
135.67
135.52
136.8
136.52
135.53
135.17
134.34
132.8
132.94
133.04
134.5
134.87
134.92
135.44
134.99
135.17
134.76
135.64
135.62
136.13
135.49
134.5
136.11
135.33
134.92
134.22
134.68
135.09
136.54
136.9
138.32
139.07
138.52
139.4
139.39
139.14
140.24
140.03
139.46
139.84
139.7
139.03
139.18
140.46
140.42
141.38
141.48
141.31
141.36
141.33
141.99
141.04
141.63
139.47
141.38
141.4
142.28
141.17
143.05
140.67
140.78
140.95
143.54
141.23
140.47
140.12
140.43
141.41
140.39
141.48
141.82
140.93
139.8
142.99
141.24
139.67
139.34
137.17
137.3
137.82
136.98
138.0
138.05
137.66
136.21
137.22
136.85
138.59
139.03
139.6
138.08
136.99
136.63
137.21
137.74
137.03
137.85
137.06
137.74
136.95
135.68
135.44
135.11
136.1
134.69
133.77
133.98
134.75
134.95
135.2
135.22
135.13
135.57
135.01
135.41
134.79
135.31
136.29
136.4
136.23
136.37
136.72
136.34
136.35
136.69
136.54
139.13
139.09
138.92
139.01
139.21
138.63
137.67
136.85
137.39
136.66
137.62
137.93
137.13
137.24
137.69
135.56
134.71
134.88
134.37
135.45
134.21
135.34
135.37
135.02
132.8
134.52
133.59
134.82
133.84
132.05
133.23
134.37
136.22
132.01
130.92
132.1
131.93
131.27
129.45
131.03
131.49
132.77
133.08
132.81
133.48
133.34
134.16
135.0
134.81
134.18
132.85
133.51
133.61
133.83
132.58
136.38
135.79
136.0
135.98
136.56
135.87
136.21
135.14
135.61
135.09
135.4
135.84
135.36
136.24
136.98
136.7
136.77
136.7
136.16
135.39
135.99
135.9
136.83
135.39
135.58
135.91
134.53
134.77
134.98
134.24
135.47
137.63
137.79
138.32
136.93
136.29
136.84
136.89
136.44
138.57
137.84
137.08
137.93
138.72
138.51
138.34
139.67
135.42
136.13
135.36
135.15
136.12
135.66
134.83
134.95
135.21
134.65
136.3
135.27
135.1
135.64
136.0
136.46
132.92
132.3
132.47
129.43
128.3
126.44
127.23
126.4
128.81
130.31
130.55
132.92
130.93
132.44
132.77
130.55
129.26
129.29
129.78
129.75
129.48
129.25
129.02
129.59
131.26
131.26
133.0
131.5
129.77
131.24
133.07
133.47
135.09
135.65
135.74
133.1
134.61
134.56
134.36
135.91
135.9
134.48
135.65
135.33
135.0
133.76
135.09
136.24
136.34
134.12
134.22
134.33
137.14
137.99
138.15
141.58
142.9
139.4
139.02
138.96
139.68
139.0
138.68
137.96
139.65
138.72
140.33
140.61
139.75
139.76
136.78
134.71
136.26
136.12
136.74
138.37
137.35
134.64
135.48
133.74
128.49
128.37
128.31
127.88
127.12
127.4
128.87
129.32
129.03
129.04
129.9
128.23
128.29
128.39
128.63
128.83
130.32
126.7
126.49
125.43
127.24
126.96
126.82
126.51
126.33
126.95
125.96
126.74
125.53
115.68
116.28
117.7
117.24
117.0
115.7
116.49
116.46
115.65
114.86
114.25
115.29
113.84
114.39
114.7
116.34
114.21
113.5
113.26
116.09
116.86
116.0
116.5
117.5
117.84
117.64
118.46
118.82
117.17
117.56
117.13
117.43
116.06
117.84
117.23
118.63
118.79
118.68
117.99
115.26
115.66
115.33
115.02
115.79
115.53
117.14
116.59
117.7
116.66
117.45
117.28
115.57
114.78
116.57
117.32
117.0
117.25
116.4
118.5
118.14
118.16
116.34
114.86
116.14
120.79
119.11
119.53
116.24
115.29
116.25
114.34
113.42
113.09
113.62
113.01
113.83
114.37
111.54
110.76
110.76
110.73
110.72
110.55
111.51
110.4
109.02
104.9
103.6
103.22
102.82
104.38
103.1
101.32
102.97
103.39
104.66
104.17
104.1
103.99
103.63
104.61
103.88
104.64
105.48
104.91
104.5
103.97
103.74
103.51
103.41
102.45
103.05
102.93
102.9
102.72
100.94
101.33
102.34
102.51
103.0
104.82
103.96
103.73
103.91
101.81
101.7
102.12
102.96
103.07
101.72
102.0
102.0
100.86
98.16
101.13
99.25
100.99
100.33
104.0
104.22
104.64
105.21
104.69
104.13
105.07
104.89
103.47
102.39
101.5
103.27
104.0
102.0
105.32
105.28
105.14
106.27
110.2
111.3
111.64
112.04
111.55
110.68
112.46
111.3
109.58
111.48
112.6
112.65
113.1
111.8
112.22
111.33
113.3
114.19
115.55
115.65
114.61
114.45
113.98
114.66
114.46
114.71
113.25
113.36
114.52
114.18
114.6
114.45
114.81
116.55
116.32
115.24
115.5
115.79
115.39
115.38
113.33
113.37
112.59
113.37
113.14
113.49
113.53
112.94
114.3
113.45
113.05
112.28
113.06
113.01
113.51
113.0
112.52
113.61
113.97
114.12
113.92
114.01
114.21
114.2
113.52
112.61
115.0
114.75
113.17
113.17
113.17
113.17
113.17
112.64
111.22
110.57
110.16
110.29
109.41
108.96
110.86
110.11
109.75
107.48
108.93
106.84
106.42
106.98
107.16
106.9
105.03
107.45
108.0
108.47
108.57
108.37
107.53
107.05
110.5
113.67
114.1
112.75
114.31
119.53
116.99
116.56
116.61
116.83
116.91
116.96
116.15
117.2
117.35
116.5
117.74
116.99
114.86
114.92
117.33
114.71
116.16
116.01
115.69
117.47
117.45
117.2
117.76
116.97
116.99
117.52
115.55
114.36
115.42
113.83
113.8
111.85
111.3
110.5
112.4
113.33
113.04
113.0
113.52
114.92
114.79
115.09
115.04
115.03
115.36
115.45
113.56
114.5
114.61
112.97
114.0
115.5
114.13
114.74
114.78
114.46
113.05
114.99
116.17
115.91
116.46
116.69
116.49
116.2
116.66
115.91
114.71
116.5
116.66
113.3
113.04
117.43
115.68
116.15
116.28
113.95
114.94
114.43
113.69
114.51
114.78
114.13
113.63
114.23
112.79
111.86
113.44
112.21
111.32
112.21
109.42
105.9
101.56
101.5
101.0
100.81
101.39
102.03
100.58
100.78
101.67
102.09
102.83
102.15
100.16
100.77
102.67
101.99
102.21
102.89
103.9
102.85
103.47
102.24
101.71
101.13
102.02
101.89
102.07
102.34
102.18
100.9
103.33
103.6
102.84
104.26
103.6
103.02
102.06
102.15
103.96
103.7
103.31
101.92
101.4
101.02
100.68
101.86
103.13
100.51
101.37
101.04
101.7
99.94
101.43
99.26
99.9
100.0
97.5
94.99
95.38
94.36
92.59
88.87
88.92
89.37
89.26
89.03
88.92
89.02
89.29
89.21
88.51
88.09
88.08
88.0
88.27
88.25
88.23
87.57
86.95
86.52
87.05
86.45
86.07
86.15
86.86
86.66
87.41
87.56
87.96
87.53
88.23
87.9
88.57
87.58
89.37
90.37
90.5
90.38
90.9
91.48
90.33
90.65
89.93
89.83
90.72
90.83
91.16
91.62
92.07
91.65
91.53
91.56
91.37
91.5
92.27
91.19
91.9
91.62
92.88
92.19
92.52
92.18
91.62
91.52
91.4
91.6
90.67
90.82
91.38
91.91
91.72
91.44
91.3
90.71
89.74
90.51
91.34
91.88
91.67
91.73
91.41
91.71
92.27
91.1
88.87
89.99
90.0
90.67
89.46
89.14
90.8
91.19
91.86
92.21
91.3
90.93
91.08
92.24
92.74
92.64
91.35
92.25
91.44
95.28
96.1
95.54
94.85
95.18
95.4
95.06
92.99
93.83
92.65
93.29
93.77
93.84
95.14
95.0
93.18
94.62
92.8
92.9
93.0
91.91
90.47
90.36
87.0
87.2
87.8
88.28
87.1
86.42
87.03
87.51
87.98
88.33
88.42
88.51
88.13
87.67
87.37
86.89
87.21
86.82
88.53
89.3
89.1
89.07
87.88
88.39
88.22
90.11
87.98
88.61
86.93
86.94
86.26
84.61
85.87
86.32
87.05
87.7
87.29
86.54
87.65
88.66
88.69
87.74
85.66
87.4
88.43
89.15
90.17
93.78
95.86
95.9
94.66
97.19
92.88
94.87
95.79
95.74
97.11
100.62
97.26
94.03
92.21
93.64
93.27
97.43
98.74
100.04
102.0
99.52
99.17
103.8
106.72
105.77
105.38
102.7
103.37
101.72
100.59
102.52
101.39
101.6
101.42
95.4
93.03
93.63
92.68
92.44
93.11
93.54
92.2
92.0
93.22
93.91
93.35
95.75
91.96
91.81
91.94
91.56
90.47
89.07
87.89
88.55
88.6
90.15
90.01
88.82
90.4
90.86
90.9
90.19
91.0
90.69
89.48
93.65
91.72
91.12
92.46
91.64
91.09
89.16
88.02
87.83
88.13
90.56
89.76
90.27
90.41
89.47
91.65
91.2
88.96
87.4
87.96
87.2
86.67
85.96
85.67
84.68
86.22
86.49
87.12
86.1
86.24
85.96
86.58
84.57
85.89
86.27
86.96
86.08
86.36
85.48
83.69
84.37
85.15
87.69
88.56
86.81
87.19
90.33
90.41
93.88
91.93
91.73
90.52
88.59
86.78
88.46
86.85
88.18
92.9
92.79
90.72
89.31
91.12
91.66
88.85
89.62
86.82
86.28
87.1
86.69
87.86
85.59
85.92
79.07
78.28
78.77
77.17
78.84
78.91
77.95
77.64
77.65
77.69
76.97
76.34
76.77
76.62
76.68
76.2
75.75
74.99
75.39
75.64
75.94
75.75
75.83
75.52
77.12
76.97
76.78
77.31
73.12
72.77
72.56
73.5
73.84
73.31
73.57
72.95
72.63
72.55
72.65
73.21
73.01
73.01
73.45
72.78
73.31
73.59
73.85
74.15
73.89
74.13
74.14
74.92
75.08
75.16
75.49
74.72
73.87
74.16
74.12
73.62
73.4
73.22
73.31
72.81
73.42
73.28
73.42
73.09
73.49
73.42
73.05
72.94
72.8
73.18
73.67
73.73
72.98
73.18
73.41
72.57
73.21
75.0
74.75
74.49
73.77
74.02
74.02
74.53
74.04
73.84
76.28
76.42
76.27
76.27
76.39
75.78
76.0
76.22
76.09
76.47
76.8
77.19
76.46
77.59
74.35
75.01
75.59
74.84
75.27
75.62
75.8
75.8
74.7
74.11
72.16
72.69
73.02
72.65
72.63
71.63
71.29
71.62
71.98
72.26
71.64
73.08
72.99
73.46
74.87
75.16
75.85
76.31
75.27
74.94
75.07
75.52
75.76
75.5
75.89
75.96
74.82
75.13
76.07
75.66
76.15
76.78
76.45
76.05
76.72
76.34
76.63
77.12
76.94
77.26
77.2
76.84
75.66
75.17
75.46
75.49
74.81
75.27
74.8
75.44
76.64
76.64
77.08
77.29
77.59
77.24
76.46
77.16
78.79
79.81
80.99
80.23
77.89
78.17
78.17
78.21
77.86
77.83
77.36
77.99
78.01
78.17
78.76
78.63
78.4
77.77
78.66
72.9
73.6
73.6
73.42
73.21
73.47
73.27
73.23
72.46
72.41
72.21
72.06
72.12
71.86
71.54
72.05
71.9
72.41
71.98
72.19
72.8
72.67
72.45
72.55
73.06
73.47
72.34
72.38
72.28
72.53
72.12
72.14
72.42
72.57
71.95
71.75
71.92
72.09
72.55
73.66
71.98
72.22
71.83
71.6
71.47
72.73
71.94
72.11
71.9
73.22
73.47
73.26
72.5
73.14
73.3
73.35
74.0
73.22
73.56
73.0
72.38
71.89
72.04
71.88
72.01
72.07
71.71
71.54
71.0
71.49
70.07
68.0
68.26
68.2
68.19
67.78
67.65
68.02
68.5
68.39
67.4
66.43
65.79
65.97
66.15
66.7
66.43
66.65
66.38
66.18
66.33
66.35
65.8
66.87
66.86
67.66
67.82
68.23
68.06
68.27
68.4
67.89
68.06
67.64
67.88
67.91
67.49
66.99
67.71
67.56
68.01
68.07
68.19
68.37
68.46
68.37
70.61
70.66
70.4
69.83
70.13
70.27
69.73
70.08
70.43
70.48
70.36
70.67
70.94
70.74
70.73
70.99
71.01
71.42
71.37
71.39
70.97
71.23
71.2
70.65
70.86
71.11
70.88
71.26
71.26
71.45
71.45
71.33
70.66
71.36
71.51
71.49
74.4
71.62
71.62
71.15
70.95
70.44
70.44
71.14
70.59
70.7
71.15
71.38
71.56
71.24
71.47
71.01
71.23
71.28
71.0
71.59
71.24
72.1
72.06
70.49
70.03
70.72
71.25
72.84
74.2
73.79
73.84
73.93
74.33
74.21
74.08
74.0
73.92
74.16
74.15
73.19
72.89
72.99
72.7
73.2
73.34
73.12
72.92
73.98
73.91
73.37
72.96
72.43
72.71
72.6
71.56
71.69
71.81
72.5
72.62
71.78
72.73
72.62
71.26
71.72
72.55
71.99
73.88
74.0
73.89
73.9
73.49
72.74
74.72
74.3
76.3
76.64
77.07
77.5
77.5
77.51
77.71
77.82
78.41
78.1
78.17
78.47
78.57
78.5
79.08
79.04
78.8
78.62
78.22
77.27
77.23
76.98
76.73
76.92
77.71
77.32
77.2
77.58
76.95
76.9
76.42
76.61
77.11
76.66
76.93
77.46
77.58
77.25
76.84
76.19
76.3
75.71
75.88
75.77
76.21
76.17
77.2
77.55
77.74
76.46
76.23
75.86
75.67
75.57
75.47
76.36
76.29
76.2
75.77
75.61
76.47
75.4
79.83
80.6
80.79
80.85
81.23
81.45
81.57
81.56
81.84
81.46
81.34
80.22
80.84
81.23
81.02
81.11
81.69
81.41
81.1
81.59
81.86
81.43
80.85
81.5
82.3
82.54
82.56
82.7
82.77
82.5
82.58
82.81
82.38
82.69
82.28
82.4
82.0
82.31
82.42
82.13
82.43
82.77
81.65
81.75
81.65
81.46
81.19
81.88
82.02
81.3
81.97
81.25
81.29
81.02
80.6
80.5
81.5
82.25
82.51
83.25
83.08
82.85
82.72
82.99
82.35
80.63
80.56
80.93
80.72
80.16
80.66
80.71
80.9
81.08
81.31
80.65
81.15
81.03
80.78
80.87
79.54
79.22
79.33
79.53
79.58
79.76
79.14
79.55
79.1
78.9
79.37
79.44
79.02
80.37
78.92
79.77
79.61
80.17
79.92
80.02
80.3
80.65
80.74
80.64
81.32
81.26
80.97
81.44
80.91
81.05
80.57
81.63
79.3
78.82
78.84
78.19
78.37
78.61
78.22
79.85
79.66
78.74
78.58
78.18
78.35
78.26
77.91
78.42
78.64
78.58
78.76
77.77
77.36
76.94
77.5
77.33
81.0
82.23
81.69
80.84
81.22
80.91
81.0
83.11
82.6
82.95
83.25
83.31
83.91
83.87
82.94
84.03
83.67
83.5
82.92
79.1
78.95
78.67
79.06
78.91
78.53
78.65
78.55
78.6
78.11
78.73
78.75
78.0
77.1
76.92
76.8
77.02
77.23
77.48
76.98
78.25
78.34
78.13
77.63
77.95
77.92
77.83
78.14
78.13
77.88
78.01
77.75
77.47
77.64
76.5
77.8
79.57
79.53
79.84
80.24
80.45
80.69
82.4
80.74
80.0
79.24
79.23
79.23
78.73
78.69
79.19
79.26
79.13
79.86
79.12
80.09
79.43
80.32
80.06
80.42
77.95
77.02
77.65
77.86
78.11
77.8
78.54
77.55
76.75
79.0
79.61
79.05
77.78
78.78
79.13
79.61
78.67
78.5
78.5
78.2
77.3
78.8
77.38
78.5
78.78
81.35
84.52
85.48
85.18
85.75
85.05
87.26
88.0
87.79
88.61
88.25
87.9
88.52
90.03
90.55
89.0
87.89
88.2
88.37
87.87
88.91
87.98
88.47
88.44
88.27
88.23
89.17
88.88
88.41
88.05
88.46
88.53
87.5
87.0
86.73
87.67
87.81
87.6
87.54
87.5
87.16
87.14
86.52
88.17
88.2
89.08
88.39
87.19
87.33
86.92
86.87
86.63
86.77
87.24
88.06
88.19
87.74
89.61
89.0
89.42
88.48
87.95
88.11
87.3
87.23
88.99
89.03
88.07
88.45
86.83
89.13
89.81
89.26
89.72
89.66
91.11
92.27
91.65
92.57
93.46
92.93
91.99
92.3
92.75
92.22
92.43
91.7
91.9
91.18
91.1
92.48
93.3
93.51
92.69
93.69
92.24
94.54
92.5
93.85
93.46
93.33
93.4
92.21
91.8
92.05
92.0
92.55
91.39
91.78
95.38
94.76
93.82
96.8
95.0
91.98
88.28
88.0
87.0
86.95
86.34
86.07
87.22
87.26
87.89
87.84
87.48
87.63
87.74
87.99
88.9
89.13
88.08
88.27
87.92
88.0
87.85
88.01
87.66
87.02
88.08
88.69
88.45
87.66
87.09
87.76
86.69
87.21
87.29
87.98
84.32
85.78
84.83
86.27
84.76
84.23
85.2
82.7
81.21
82.89
82.94
83.48
86.32
86.46
86.84
87.31
86.76
85.4
87.14
87.6
87.68
88.18
87.54
87.48
85.47
87.15
86.57
87.72
85.72
84.97
91.23
96.45
95.4
93.52
94.23
95.57
87.37
86.0
87.62
84.15
82.88
81.47
82.33
81.6
80.92
81.09
80.86
79.18
83.35
84.68
83.13
83.4
77.39
74.0
73.0
72.9
72.97
71.47
70.86
71.77
70.55
70.15
71.55
69.96
68.49
67.88
67.8
67.0
67.71
67.78
65.95
66.39
60.31
60.51
60.27
60.48
60.46
60.28
60.18
60.19
60.2
60.13
60.26
60.16
60.11
60.36
60.45
60.43
60.33
60.21
60.4
60.42
60.35
60.51
60.35
60.46
60.68
60.7
60.6
60.15
60.3
60.42
60.29
60.38
60.23
60.1
60.26
60.01
60.23
60.36
60.34
60.33
60.5
60.38
60.17
59.87
59.87
59.84
59.87
59.93
59.84
59.98
60.0
60.21
60.33
60.13
60.37
60.21
60.22
60.24
60.25
60.21
60.33
60.37
60.43
60.46
60.68
60.43
60.67
60.67
60.67
60.83
60.58
60.61
60.54
60.96
61.1
61.29
61.22
61.22
61.18
61.1
61.04
61.07
60.78
60.89
60.82
60.73
61.04
60.8
61.17
60.92
60.73
60.44
60.12
60.05
60.0
60.3
60.4
60.29
60.4
60.61
60.19
60.3
60.31
60.18
60.23
60.37
60.4
60.19
60.42
60.52
60.45
60.21
60.2
60.24
60.53
60.4
60.42
60.46
60.4
60.39
60.48
60.7
60.78
60.91
61.37
60.84
61.08
60.88
61.0
60.84
60.72
60.68
60.84
60.54
60.61
60.59
61.19
60.67
60.03
59.99
59.86
59.87
60.13
59.85
59.75
59.87
59.88
59.27
58.46
58.05
57.82
57.97
57.85
57.84
57.78
57.89
58.25
58.0
57.44
57.53
57.83
58.25
58.27
58.36
58.16
58.31
58.51
58.5
58.39
58.83
58.77
58.68
58.86
58.67
58.11
58.39
58.57
58.35
58.76
58.79
58.27
59.19
59.11
59.3
59.26
59.1
59.2
59.08
59.13
59.56
59.68
59.56
59.95
60.02
59.93
59.28
59.46
59.49
59.19
59.26
59.01
59.03
59.22
59.4
59.33
59.09
59.34
59.46
59.58
59.61
59.0
59.0
58.9
59.67
59.49
59.97
60.07
59.83
59.9
60.51
60.73
60.29
60.62
60.15
60.36
60.48
60.35
60.22
59.98
60.0
59.95
60.21
60.22
59.88
60.81
60.8
60.77
60.73
59.49
59.21
59.36
59.3
59.18
59.25
59.25
59.25
59.25
58.96
59.23
59.24
59.29
59.28
59.28
59.38
59.13
59.0
58.58
58.49
58.45
58.54
58.06
58.44
58.48
58.03
58.43
58.48
58.35
58.29
58.34
58.5
58.59
58.13
58.47
58.25
58.48
57.99
58.35
57.59
59.08
59.3
59.54
59.66
59.76
59.97
59.97
59.54
59.57
59.64
59.68
59.92
59.78
60.2
60.09
60.4
59.87
59.74
59.83
59.52
59.49
59.73
59.85
59.74
59.94
59.63
59.88
59.11
57.41
58.82
58.93
58.52
58.82
58.52
58.6
58.6
58.84
58.5
59.33
59.05
58.76
58.96
58.97
58.97
59.14
59.27
59.16
58.89
59.09
58.82
58.76
58.96
59.37
58.61
58.59
58.79
58.5
58.35
59.05
59.35
59.27
59.37
59.04
59.18
59.19
59.14
58.71
58.75
58.94
58.89
59.01
58.86
58.95
59.04
58.78
58.76
58.9
59.08
59.01
59.26
59.05
60.86
61.27
61.33
61.27
60.71
60.32
60.32
60.72
60.54
60.37
60.37
60.49
60.4
60.61
60.49
60.58
60.27
60.42
60.53
60.13
60.29
59.99
60.19
59.85
59.7
60.04
59.9
60.45
60.25
60.89
60.84
60.52
60.56
60.5
60.63
60.63
60.75
60.24
60.52
60.13
59.55
61.0
60.77
60.95
60.71
61.01
61.15
60.9
61.15
60.78
60.45
61.16
59.03
58.4
58.01
57.96
58.3
58.35
58.13
58.2
58.05
58.2
57.61
57.36
57.25
57.35
56.86
56.24
55.96
55.99
56.05
56.12
56.01
55.9
56.2
56.14
56.05
55.67
55.6
55.45
55.5
55.46
55.67
55.89
55.45
55.58
55.25
55.44
55.32
55.2
55.61
55.47
55.2
55.18
55.24
55.46
55.54
55.36
55.63
55.36
54.84
55.11
55.0
54.76
54.98
55.16
55.0
55.15
54.99
55.25
55.74
55.9
55.25
55.03
54.78
55.11
55.83
56.21
56.09
56.23
56.23
56.35
56.07
56.12
56.11
56.16
56.21
55.99
56.02
55.94
55.8
55.99
56.02
55.45
55.97
56.22
56.47
56.3
56.27
56.03
55.82
53.52
53.0
53.25
52.8
52.51
52.91
54.29
54.22
54.72
57.41
54.6
54.36
54.24
54.41
54.47
54.66
54.5
54.54
55.04
54.06
54.14
54.3
55.0
54.89
55.13
55.34
54.59
56.08
56.86
56.96
56.76
56.6
56.4
56.89
55.66
56.34
55.78
55.96
56.27
55.97
56.83
56.79
56.11
57.19
56.98
56.79
57.43
55.93
56.97
56.54
56.7
56.98
56.99
57.12
57.63
57.84
57.77
57.77
56.16
58.29
57.73
57.04
58.23
56.96
57.99
57.6
57.97
57.51
57.24
58.52
58.76
58.29
57.88
57.32
56.72
57.57
56.55
57.19
56.6
57.0
55.2
55.1
55.88
56.61
56.43
56.08
56.41
56.18
56.17
56.52
56.18
55.99
56.07
56.72
55.56
55.86
55.7
56.48
56.9
56.39
55.47
55.59
55.66
56.38
56.39
56.7
56.97
56.7
56.84
57.08
56.24
57.39
57.08
57.26
55.71
56.76
55.94
55.5
54.74
54.57
56.0
55.42
55.98
57.46
56.62
55.8
55.87
55.18
55.26
55.36
55.0
54.19
54.65
54.71
54.86
55.25
54.96
54.61
54.58
55.0
55.6
54.4
52.89
52.82
53.69
52.5
52.13
51.79
51.92
52.4
52.03
51.95
52.49
51.94
51.71
52.3
52.31
52.04
52.48
52.35
51.61
51.43
51.29
48.73
46.55
46.45
46.62
46.44
46.05
46.01
45.97
46.02
45.58
45.57
45.4
45.79
45.54
45.34
45.54
45.7
45.74
45.76
45.76
45.89
45.87
45.86
45.59
45.18
45.43
45.39
45.47
45.95
46.42
46.14
46.15
46.33
47.2
47.26
47.9
47.8
47.57
47.5
47.51
47.8
47.74
47.67
47.88
49.69
47.09
47.65
47.61
49.65
48.29
48.33
48.12
48.32
48.4
48.28
48.46
48.44
48.83
49.67
49.27
48.19
48.83
47.62
48.69
48.69
48.73
48.79
48.81
48.02
48.65
49.38
48.56
48.56
48.2
47.9
47.83
48.05
48.07
48.02
47.85
48.56
48.38
48.87
48.6
49.0
48.7
47.75
48.11
47.89
48.03
48.1
48.16
48.33
47.42
47.31
47.12
46.8
46.95
46.93
46.98
46.68
46.54
45.71
45.79
45.85
45.91
45.4
45.49
45.6
45.36
45.8
45.87
45.95
45.39
45.81
45.59
45.77
45.88
45.5
45.51
45.73
45.85
45.7
45.57
45.11
44.62
44.96
45.3
45.39
45.36
45.19
45.44
45.5
45.09
43.9
43.82
44.91
44.65
44.66
44.76
44.68
44.75
44.8
45.31
44.93
44.94
44.9
44.79
45.45
45.01
44.75
44.74
44.68
44.63
44.34
44.34
44.46
44.65
44.45
44.52
44.29
44.41
44.2
44.31
44.48
44.97
45.1
44.77
44.94
44.86
45.23
44.89
44.8
44.9
44.77
44.95
45.31
45.5
45.3
45.76
45.57
45.43
45.63
45.26
45.03
46.0
46.51
45.9
46.43
44.72
44.41
44.49
44.54
44.06
43.86
44.37
44.25
44.02
44.21
44.38
44.28
44.07
44.53
44.47
44.23
43.65
44.14
44.61
44.64
44.44
44.64
44.1
43.54
44.76
44.77
52.32
51.51
52.69
51.85
52.66
51.9
51.9
52.18
51.97
52.0
52.37
52.4
51.91
51.89
51.03
51.02
51.52
51.75
51.6
51.5
51.85
49.15
49.19
49.23
48.5
48.99
49.16
49.0
49.11
49.16
49.09
49.33
49.54
48.4
49.05
48.01
50.11
49.89
48.39
49.0
48.99
48.97
49.06
48.9
48.79
48.75
48.85
49.06
49.36
48.83
48.95
48.97
49.14
49.31
48.11
48.92
49.07
48.98
49.05
49.01
49.13
48.49
48.35
48.2
48.42
48.33
48.0
47.85
48.22
47.94
48.33
48.34
48.4
48.09
48.12
47.75
48.25
48.0
50.16
50.18
50.73
50.48
50.55
50.46
50.53
50.65
51.2
50.72
50.35
50.66
50.26
50.32
50.21
50.96
50.38
50.63
50.4
51.86
50.22
50.28
48.38
47.76
47.36
47.36
47.19
46.89
47.19
47.2
47.42
46.46
47.0
47.58
47.1
47.79
47.93
47.13
47.85
47.86
48.2
47.83
48.59
47.96
47.66
47.37
46.85
47.58
47.58
47.34
46.92
46.67
47.1
46.46
47.1
48.53
47.54
47.0
47.03
47.3
47.55
48.12
48.3
47.95
46.5
45.63
46.78
45.75
45.64
44.24
44.25
44.45
43.79
44.05
43.99
43.87
44.05
44.01
43.74
44.04
43.5
43.25
43.0
43.99
42.89
42.71
42.79
42.87
44.42
42.51
42.15
43.22
43.5
43.01
43.45
43.46
43.42
43.43
43.41
43.2
43.21
43.11
43.89
43.72
43.86
43.83
43.85
43.83
43.86
43.17
43.17
44.21
43.14
44.0
43.89
43.89
43.35
43.35
43.53
43.9
43.02
43.86
43.87
43.92
43.45
42.5
42.5
42.5
42.5
41.8
41.7
41.76
41.62
41.61
41.57
41.58
41.62
41.13
42.2
43.11
42.89
42.04
41.75
41.85
43.14
42.65
42.39
42.02
41.53
41.49
41.14
41.16
40.83
41.2
41.11
41.12
41.23
41.25
41.38
41.34
41.21
40.8
40.75
40.73
40.68
40.6
41.36
41.32
40.94
41.0
40.75
41.2
41.37
41.27
41.5
41.96
41.31
41.33
41.29
40.85
41.08
41.42
41.13
41.15
40.6
41.87
42.21
42.1
41.96
42.01
42.38
42.33
43.27
43.73
43.72
43.61
43.62
43.47
43.1
43.72
44.15
42.98
43.0
43.44
43.44
43.53
42.81
42.42
42.42
42.32
43.07
43.19
42.99
42.78
42.78
42.29
42.89
43.1
43.25
43.23
43.43
42.77
42.54
42.27
42.6
42.97
42.16
42.62
42.64
42.24
42.5
42.15
42.42
43.81
43.9
44.0
43.51
43.25
44.25
43.56
44.15
44.08
43.13
43.7
43.84
43.97
43.95
44.49
46.48
45.98
46.06
45.78
46.04
46.64
46.29
46.33
43.01
43.13
43.33
42.89
43.17
43.22
42.61
43.11
42.23
42.35
43.07
43.63
43.31
43.77
44.08
43.56
43.86
44.0
44.33
43.34
43.13
43.12
42.59
43.19
43.73
44.4
44.0
43.67
44.52
44.78
43.89
44.4
44.87
43.09
42.72
42.85
43.09
43.29
41.9
42.54
42.33
40.88
40.99
40.92
42.59
42.31
43.12
43.85
39.17
37.53
37.12
37.09
37.13
37.14
36.52
36.09
33.53
33.49
33.33
32.92
32.63
32.64
32.74
32.76
32.78
32.88
32.84
32.73
32.78
32.78
32.74
32.76
32.94
32.94
33.01
32.93
33.08
33.15
33.18
32.89
32.73
32.98
32.96
32.84
32.79
32.74
32.83
32.5
32.55
32.46
32.45
32.39
32.34
32.58
32.35
32.47
32.38
32.05
32.34
32.32
32.2
32.22
32.29
32.27
32.5
32.5
32.33
32.5
32.35
32.57
32.4
33.54
34.01
34.01
33.92
33.83
33.91
33.77
33.63
33.6
33.57
33.56
33.85
33.77
33.96
34.07
33.97
33.83
33.85
33.9
33.77
33.84
33.77
33.75
33.66
33.6
33.8
33.54
33.94
33.99
33.95
33.75
33.65
33.54
33.33
33.59
33.63
33.63
33.34
33.23
33.55
33.62
33.22
33.3
33.08
33.36
33.28
33.31
33.5
33.16
33.06
33.17
33.12
32.93
33.04
33.28
33.11
33.21
33.24
33.53
33.59
33.68
33.55
33.54
33.38
33.47
33.97
33.97
33.99
33.99
33.99
34.1
34.1
34.1
34.46
32.76
32.97
32.98
32.99
32.99
32.94
32.72
32.6
32.77
32.96
32.88
33.09
33.03
32.92
32.67
32.4
32.4
32.58
32.73
32.9
32.68
32.68
32.68
32.68
32.78
33.15
32.87
32.69
32.66
32.25
32.06
32.0
32.13
32.1
32.36
31.9
31.52
31.45
31.3
30.74
30.89
30.89
30.65
30.97
30.74
30.75
31.38
31.28
31.22
31.22
31.14
31.15
31.11
31.09
31.05
31.24
31.02
31.18
31.18
31.45
31.04
31.06
31.0
31.85
31.86
31.81
31.76
31.92
32.02
32.12
32.0
31.32
31.61
31.3
31.34
31.7
31.65
31.53
31.48
31.69
31.55
31.55
31.45
30.93
30.99
30.82
30.9
30.74
30.77
30.92
30.86
30.86
30.76
30.51
30.45
30.7
30.7
30.83
30.73
30.84
30.8
30.84
30.9
30.95
30.96
30.96
30.71
30.44
30.43
30.61
30.44
30.0
30.44
30.18
30.57
30.69
30.8
30.69
30.81
31.0
30.37
30.32
30.42
30.22
30.41
30.26
30.0
30.5
30.54
30.75
30.43
30.57
30.67
30.81
30.47
30.89
30.8
30.62
30.86
30.95
31.56
31.84
32.0
32.27
32.61
32.4
32.65
32.62
32.38
32.38
32.49
32.0
32.0
32.07
32.14
31.99
32.2
32.61
32.68
32.54
32.58
32.54
32.6
32.76
32.99
32.8
32.33
32.8
32.8
33.1
33.1
32.85
33.13
32.96
33.14
32.96
33.56
33.59
33.5
33.55
33.52
33.52
33.55
33.85
33.14
33.02
32.85
33.07
32.74
33.16
32.53
32.6
32.58
32.38
32.1
32.05
32.13
32.23
32.44
32.44
32.48
32.04
32.08
32.29
32.15
32.53
32.21
32.75
32.62
32.69
32.78
32.66
32.68
32.49
32.56
32.54
32.62
32.54
32.63
32.68
32.08
32.0
31.92
31.92
32.0
31.94
31.62
31.7
31.29
31.29
31.26
31.32
31.16
31.09
31.22
31.15
31.57
31.41
31.75
31.68
31.7
31.47
31.51
31.55
31.96
31.91
32.11
31.63
32.15
32.05
32.03
32.12
31.62
31.54
31.36
31.58
31.68
31.66
31.46
31.69
31.81
31.76
31.55
31.43
31.62
31.49
31.72
31.57
31.79
31.65
31.28
31.6
31.32
30.78
30.91
30.55
30.66
30.57
30.65
30.65
30.75
30.82
30.82
30.75
31.02
30.85
30.86
30.93
30.76
30.69
30.75
30.7
30.8
30.8
30.63
30.77
30.96
30.93
31.01
31.09
30.92
30.7
30.71
30.73
30.77
30.55
30.57
30.33
30.89
30.71
30.79
30.65
30.84
30.46
30.32
30.96
30.6
30.58
30.44
30.25
30.86
30.75
30.93
31.59
32.89
32.89
33.05
33.13
32.81
32.77
32.9
32.75
32.44
32.26
32.2
32.32
32.51
32.6
32.34
32.99
32.71
32.38
32.54
32.4
32.4
32.43
32.96
32.6
33.01
31.47
31.57
30.91
31.21
31.28
31.08
30.95
31.4
30.77
30.77
30.77
31.22
30.97
30.83
30.83
30.8
30.6
31.06
31.22
30.63
30.93
30.8
31.04
31.1
31.41
31.34
31.34
31.39
31.23
31.42
31.25
31.52
31.38
31.35
31.72
31.41
31.35
31.15
31.26
31.03
30.89
30.67
31.19
30.54
30.5
30.4
30.66
30.73
30.62
30.78
30.73
30.33
30.9
30.82
30.69
30.8
31.34
31.44
31.32
31.31
31.27
31.11
31.24
31.24
31.57
31.28
31.18
31.56
31.32
31.77
31.5
31.39
31.23
31.27
30.91
30.97
31.13
30.98
30.99
30.98
30.98
31.0
30.98
30.63
30.63
30.5
32.01
31.95
31.81
31.92
31.59
32.24
32.19
31.56
31.71
31.57
31.55
32.15
32.12
32.05
32.25
32.16
32.28
32.06
32.26
32.34
32.47
32.08
31.84
32.09
32.15
32.0
32.28
32.24
32.37
30.39
30.37
30.47
30.28
30.27
30.27
30.29
30.57
30.57
30.46
30.3
30.33
30.17
30.22
29.98
29.95
29.8
30.02
30.14
30.0
29.9
30.3
30.34
32.38
32.27
31.78
32.32
31.91
32.0
32.58
32.79
32.38
32.71
32.26
32.9
32.88
32.11
32.05
31.69
32.03
31.5
31.89
32.01
31.7
31.39
31.58
31.58
31.58
31.58
32.01
32.13
32.06
32.28
31.75
31.75
31.77
31.88
31.91
32.25
32.29
32.04
32.22
32.89
31.78
31.5
32.85
32.7
32.68
33.08
32.86
32.87
32.7
32.81
32.49
32.56
32.58
32.4
32.89
32.53
32.93
32.54
32.58
32.47
32.51
33.0
33.39
33.5
33.36
33.31
33.41
33.44
33.18
32.7
32.58
32.76
34.1
34.32
34.2
34.4
34.7
33.96
34.04
35.05
35.33
35.49
38.89
38.88
38.75
38.86
39.0
38.97
38.61
39.01
39.24
39.03
39.3
38.84
38.83
39.07
38.64
38.65
38.64
39.22
39.6
39.31
39.17
39.18
39.25
39.15
39.41
39.57
39.68
39.6
39.89
39.17
39.21
38.86
39.12
39.46
39.3
39.1
38.9
39.55
40.18
40.51
40.76
39.58
39.65
39.26
39.56
38.63
38.35
38.41
38.04
37.7
38.01
37.9
38.54
38.95
37.75
37.47
38.0
38.03
38.15
38.11
37.7
37.98
37.84
38.14
37.92
37.8
37.9
37.66
38.11
39.01
39.47
38.56
38.56
38.48
38.49
38.17
38.48
39.13
39.0
38.94
38.58
38.59
39.27
39.27
39.34
38.3
38.1
37.9
38.06
37.9
37.59
37.5
35.58
35.0
35.02
35.57
35.84
34.97
34.97
34.79
34.52
35.06
34.59
34.92
35.35
34.62
35.4
35.01
35.12
35.7
35.27
35.0
34.3
34.49
33.82
32.99
33.0
33.34
32.62
32.66
33.49
32.98
33.09
33.18
32.27
32.27
32.27
32.11
32.31
32.04
31.72
31.56
31.58
31.69
31.43
31.24
31.65
31.68
31.93
32.09
32.1
32.1
32.52
32.51
32.23
31.98
31.72
31.57
31.75
31.39
31.65
31.69
31.53
31.36
31.0
31.23
31.28
31.03
31.91
31.97
31.97
31.77
31.86
32.34
32.1
32.25
32.72
32.71
32.38
32.8
32.78
32.67
32.59
32.74
33.0
33.29
33.01
32.88
32.57
32.6
32.52
32.75
32.1
32.27
32.5
32.28
32.4
32.25
31.96
31.86
31.78
31.45
31.62
31.54
31.72
31.42
31.66
31.83
31.64
31.13
31.56
31.56
30.3
30.13
30.39
30.23
30.34
30.54
30.92
30.3
30.3
30.57
30.29
30.26
30.34
30.05
29.89
29.95
29.72
29.14
29.82
29.94
29.71
29.61
29.61
29.82
29.82
30.41
30.62
30.57
30.67
30.94
30.74
30.62
30.29
31.04
30.85
30.85
30.96
30.92
31.02
30.89
31.05
30.88
31.2
31.58
31.72
31.54
31.5
31.69
31.13
31.4
31.39
31.49
31.67
31.61
31.35
31.17
31.76
31.83
31.71
31.7
30.75
31.05
31.31
31.18
31.36
31.08
30.84
31.41
30.84
33.26
33.1
31.79
31.21
31.19
31.24
31.6
32.09
31.99
31.84
31.98
31.8
31.38
32.35
32.49
32.49
31.98
32.21
32.32
31.61
32.21
32.25
31.85
32.05
31.46
32.13
32.07
32.03
32.65
31.9
31.91
31.28
28.63
28.91
29.0
29.41
28.75
28.77
28.55
28.36
27.98
28.01
27.95
27.9
27.97
27.86
28.0
27.77
27.66
27.92
27.79
27.72
28.9
29.35
29.47
29.39
29.68
29.8
29.74
29.62
29.75
29.64
29.79
29.75
29.49
29.5
29.84
29.75
29.94
30.18
30.77
30.53
30.34
30.03
29.9
30.07
29.78
29.77
29.92
29.43
29.22
30.8
30.78
30.38
30.36
30.83
30.71
31.08
31.03
31.55
31.64
31.63
31.53
31.43
30.94
30.62
31.02
31.0
30.77
30.46
30.1
30.19
30.15
29.83
30.8
30.92
30.6
30.79
30.61
30.53
30.25
30.87
30.69
30.67
30.55
30.0
31.19
31.09
30.59
33.11
34.34
34.12
33.04
33.3
34.33
34.75
34.69
34.63
35.97
34.99
34.83
34.73
34.7
36.14
35.82
35.84
35.77
36.03
35.61
36.0
35.14
35.16
34.9
33.03
32.95
33.85
33.16
33.5
33.84
33.0
33.19
32.32
33.05
33.52
33.16
33.64
33.0
32.65
32.44
32.22
32.63
32.75
32.64
32.41
32.01
32.2
31.76
31.61
30.83
30.98
30.95
30.97
30.7
30.56
30.46
30.57
30.42
30.62
30.5
30.79
31.13
31.23
30.35
30.2
30.34
30.08
29.78
30.23
30.39
30.3
30.48
30.31
29.98
30.16
29.7
30.15
30.7
30.86
30.89
31.35
31.98
31.9
32.09
32.08
31.59
31.15
31.2
31.39
31.51
30.95
31.57
31.45
31.71
32.83
32.02
32.36
31.79
31.99
31.2
32.24
32.22
31.97
32.75
31.36
31.35
31.0
31.58
31.36
31.8
31.72
30.66
29.35
28.95
28.83
29.22
29.2
29.27
29.36
28.93
29.14
29.17
28.78
29.78
30.07
30.25
30.18
30.38
29.92
30.31
30.62
30.7
30.66
30.38
30.11
30.31
29.69
30.2
30.33
29.9
30.45
30.51
30.86
29.72
30.04
28.97
28.53
28.32
28.64
28.29
28.78
28.35
28.09
29.09
28.91
28.71
28.38
28.36
28.16
27.85
28.45
28.41
28.09
28.81
29.6
28.89
28.8
28.96
28.81
28.5
28.87
29.8
29.91
29.78
28.41
27.95
27.78
28.04
27.89
28.32
27.24
26.93
27.07
27.04
27.12
25.82
25.7
25.81
25.61
25.5
25.51
25.6
25.18
25.34
25.74
25.79
25.91
25.83
25.77
26.07
25.81
25.5
25.91
26.03
26.13
25.97
25.58
25.3
25.13
25.49
25.35
25.65
25.97
25.76
23.6
23.52
23.48
23.69
23.56
23.5
23.74
23.11
23.24
23.01
23.0
23.24
23.26
23.26
23.34
23.0
23.05
23.52
23.41
23.6
23.79
23.88
23.84
23.34
23.93
23.93
23.02
23.1
22.66
22.57
22.6
22.59
22.54
22.46
22.87
23.15
23.0
23.29
23.11
23.26
23.23
23.4
23.47
23.3
23.17
23.12
22.81
22.73
22.94
22.68
22.88
22.76
22.83
22.8
23.41
23.91
23.89
23.88
23.98
24.04
23.88
23.98
23.57
23.88
23.85
23.74
23.49
23.56
23.32
23.68
23.65
23.77
23.51
23.85
24.01
24.0
24.61
24.45
24.51
24.72
24.62
24.64
24.5
24.24
24.25
24.3
24.42
24.36
23.88
23.86
23.92
23.84
23.5
23.42
23.45
23.37
23.22
23.15
23.23
23.36
23.52
23.27
23.16
23.02
23.28
23.1
23.17
23.08
23.22
23.25
23.62
23.34
24.1
24.05
24.03
24.08
24.31
24.3
23.95
24.04
23.82
24.13
24.12
24.13
24.23
24.22
23.92
24.16
24.1
24.37
24.19
24.24
24.71
24.77
25.0
24.69
24.15
24.44
24.59
24.78
25.03
24.85
25.0
24.85
25.24
25.45
25.23
25.49
25.49
25.91
26.18
25.86
26.01
26.21
26.14
25.65
25.88
25.62
25.16
24.78
25.21
25.06
25.25
24.91
24.67
24.7
24.4
24.65
24.25
24.33
24.0
24.35
22.95
23.53
23.99
24.39
24.25
24.15
24.51
23.36
23.26
23.42
24.45
24.43
24.85
24.59
25.74
25.4
25.42
24.96
24.96
24.96
24.96
24.96
24.96
24.92
24.68
24.28
25.4
22.89
22.8
22.9
24.41
25.13
24.94
24.89
25.15
25.05
25.0
25.03
25.74
25.34
25.91
25.37
25.08
25.2
25.45
25.21
26.22
27.08
28.16
27.97
28.01
27.64
27.5
27.59
27.91
27.87
27.8
28.46
29.02
29.06
30.09
30.09
29.7
29.48
29.59
28.0
28.58
28.5
29.21
29.12
28.7
29.01
29.19
29.18
29.14
29.2
29.07
28.72
29.8
29.63
30.31
30.36
30.36
29.98
29.98
29.98
29.63
30.16
30.42
30.1
30.17
30.05
30.37
31.05
30.77
30.75
30.8
30.79
31.0
30.9
31.16
31.36
31.54
31.5
31.44
31.51
31.37
31.45
31.38
31.48
31.5
31.61
29.87
30.25
30.32
30.81
30.92
30.77
30.53
30.8
30.76
30.62
30.41
30.39
30.16
30.27
30.19
31.47
31.83
31.97
31.71
31.86
31.84
31.7
31.89
31.84
32.26
32.18
32.12
31.68
33.13
33.16
33.2
33.24
33.95
33.59
33.59
33.63
33.55
33.83
33.97
33.55
33.22
33.22
33.51
33.51
33.98
34.13
33.38
33.52
33.0
34.27
33.55
34.01
34.03
34.01
34.22
34.37
34.2
34.0
34.48
33.39
33.39
33.39
33.39
33.22
33.27
33.27
33.32
32.72
31.75
32.18
31.42
31.26
31.2
31.2
31.36
31.5
32.27
31.66
31.88
31.52
30.88
31.53
31.72
31.63
31.81
31.68
31.29
31.53
31.67
31.29
31.42
31.74
33.12
33.32
33.0
33.67
33.64
33.82
33.89
33.63
33.27
33.26
33.38
33.23
33.07
33.36
33.44
34.0
34.06
34.12
33.81
33.94
33.96
33.66
35.17
34.72
34.94
34.53
33.82
34.14
33.81
33.48
33.15
33.5
33.2
34.29
34.45
33.99
34.34
35.15
35.33
34.81
34.69
33.88
34.75
34.97
33.41
33.0
32.25
32.47
32.44
32.14
32.36
31.78
31.85
31.98
31.06
31.07
30.81
30.96
30.81
30.98
30.65
29.98
30.09
29.8
29.34
29.36
29.15
29.61
29.4
29.32
28.74
29.16
28.95
29.0
29.44
29.5
29.7
29.44
29.56
29.0
28.83
29.36
29.13
28.69
28.96
28.58
29.98
30.19
29.69
29.24
28.29
29.06
29.7
30.54
30.97
30.87
30.53
30.64
31.33
31.57
31.16
30.77
31.32
30.97
30.84
31.04
30.44
30.23
31.53
29.9
28.71
27.69
27.42
28.13
28.26
28.74
28.95
28.67
28.8
27.8
27.43
27.98
28.05
27.97
28.0
27.69
27.5
28.35
29.29
29.0
29.17
28.5
27.93
30.82
30.44
31.34
32.09
31.38
31.6
31.7
31.79
31.4
31.49
31.6
31.68
31.75
31.61
31.99
32.0
32.44
32.22
32.28
32.54
32.99
31.9
31.5
31.4
30.94
31.2
31.01
31.1
31.49
31.67
31.68
31.63
31.57
31.88
32.14
32.6
31.85
31.88
31.93
31.65
30.87
31.18
30.82
30.83
31.53
31.31
33.02
33.11
33.02
32.94
33.29
33.51
33.17
33.19
33.32
32.86
33.3
33.5
33.79
33.71
34.26
34.15
34.11
34.35
34.1
34.41
34.53
34.63
33.92
34.33
33.39
33.19
32.8
32.65
32.77
33.11
33.38
33.38
33.0
33.34
33.94
33.62
33.78
33.77
33.84
32.33
32.33
32.32
32.84
32.73
32.32
31.53
31.75
32.03
31.9
32.75
32.25
33.58
33.82
33.3
34.94
34.98
34.5
32.24
32.56
32.04
32.79
31.9
31.09
34.51
34.36
34.95
35.73
36.79
37.31
36.72
36.42
35.91
35.72
36.0
36.0
36.42
36.08
36.69
36.91
37.14
37.04
36.63
37.76
38.0
38.29
36.89
37.65
39.18
39.21
39.93
40.49
40.55
40.45
40.82
41.73
41.85
41.61
41.88
41.9
42.5
42.15
42.0
42.08
41.95
41.93
41.82
41.8
41.88
41.88
42.0
42.0
42.34
42.34
42.3
42.11
42.25
42.49
42.15
42.38
41.65
41.84
41.52
41.54
41.83
41.4
41.73
41.62
41.62
41.48
41.5
41.62
41.46
41.56
41.56
41.65
41.65
41.67
41.06
41.68
41.65
41.61
41.72
41.72
41.72
41.0
41.77
42.18
42.1
42.38
42.45
42.64
42.48
42.82
42.73
42.62
42.66
42.45
42.08
42.47
42.49
42.99
42.88
42.97
43.09
43.21
43.02
43.08
43.2
42.94
42.91
42.96
43.24
42.55
42.33
42.25
41.63
39.6
42.0
41.72
41.97
41.91
42.25
42.55
42.8
42.39
41.92
42.25
42.8
41.94
42.99
43.49
42.72
42.24
42.12
40.69
42.38
43.31
43.85
42.4
46.54
47.7
48.38
48.5
48.54
48.2
48.51
49.77
49.77
49.76
49.58
49.38
49.39
49.39
49.38
49.22
49.2
48.79
48.95
49.29
48.94
49.0
49.84
50.06
49.79
49.72
49.94
50.13
50.17
49.81
49.9
50.05
49.83
50.27
50.24
50.48
50.12
49.81
49.88
50.19
50.5
50.29
50.1
50.32
50.38
50.23
50.2
50.4
50.56
50.7
50.75
50.7
50.24
50.31
50.44
50.18
50.0
50.29
50.81
50.81
50.81
51.25
51.35
51.2
51.1
50.48
50.59
50.6
50.65
50.46
50.26
50.12
49.99
51.28
51.11
51.28
51.28
51.28
51.5
51.72
51.59
51.59
51.5
51.5
51.8
51.91
52.21
52.12
52.08
52.23
52.09
52.19
52.22
52.3
52.44
52.39
52.0
52.0
52.0
52.17
51.91
51.91
51.92
52.13
52.13
52.09
52.19
51.95
51.74
51.74
51.74
51.74
51.74
51.25
51.54
51.58
51.67
51.53
51.59
51.77
51.53
51.45
51.67
51.81
52.14
51.81
51.6
52.32
52.12
52.12
52.31
52.34
52.29
52.15
52.0
52.05
52.03
52.09
53.14
52.94
52.85
52.85
52.98
52.7
53.31
53.68
53.46
53.4
53.14
53.34
53.15
53.19
53.2
53.15
53.19
53.39
52.9
52.83
53.98
54.26
53.89
54.0
54.01
53.98
53.97
53.98
54.11
54.01
53.25
53.92
54.91
54.94
54.7
54.7
55.13
55.33
55.34
55.03
55.21
55.44
55.96
55.74
55.86
55.52
56.02
55.5
54.83
54.68
54.6
54.65
54.29
54.2
54.3
54.31
54.5
54.32
54.32
55.0
55.0
54.49
53.95
54.15
53.64
53.59
53.71
53.77
53.79
53.69
53.68
53.4
53.2
53.21
53.08
53.19
53.0
53.31
53.47
53.5
53.6
53.16
53.25
53.22
53.09
53.0
53.21
53.21
53.21
53.21
53.37
53.36
53.24
54.5
53.93
53.9
54.24
53.91
54.0
55.06
55.33
55.14
54.15
53.19
52.94
52.88
52.8
53.21
53.24
52.0
51.36
51.75
51.1
50.8
50.9
50.91
50.75
50.75
50.96
51.0
51.07
51.28
51.21
51.3
51.13
50.95
51.27
51.06
51.06
51.27
50.55
50.55
50.55
51.0
51.0
51.14
51.14
51.13
51.21
50.91
51.33
50.82
51.42
51.25
51.25
51.4
51.43
51.39
51.5
51.29
51.39
51.54
51.16
50.63
50.5
50.5
50.33
50.5
50.46
50.44
50.78
50.84
50.79
50.79
50.82
50.35
50.17
50.25
50.14
50.12
49.95
49.96
49.76
49.78
49.66
49.61
49.51
49.54
49.6
49.63
49.63
49.58
49.58
49.57
49.58
49.51
49.48
49.66
49.65
49.69
49.42
49.66
49.74
49.71
49.8
49.8
49.9
49.87
50.02
48.49
48.53
49.06
48.82
48.63
48.63
48.73
48.91
48.91
49.0
49.14
49.2
49.26
49.16
49.12
49.12
49.13
48.91
48.78
48.73
48.76
48.79
48.89
49.05
48.99
49.0
48.99
49.01
48.99
48.92
48.99
49.21
48.88
49.11
48.99
48.71
48.7
48.8
48.74
48.83
48.71
48.49
48.75
48.81
48.98
48.95
48.84
48.92
49.02
48.54
48.29
50.44
51.38
51.38
51.51
51.44
51.46
51.54
51.49
51.65
51.6
51.59
51.47
51.28
51.28
51.34
51.35
51.26
51.41
51.41
51.53
51.61
51.64
51.69
51.64
51.46
51.46
51.46
51.46
51.46
51.6
51.6
51.6
51.59
51.64
51.65
51.67
51.74
51.74
51.67
51.61
51.63
51.44
51.61
51.5
51.49
51.45
51.7
51.7
51.75
51.75
51.81
51.56
51.92
51.51
51.92
51.88
51.88
51.52
51.53
51.92
51.46
51.87
51.84
51.66
51.6
51.66
51.9
51.85
51.62
51.79
51.78
51.77
52.0
52.09
52.09
51.3
51.28
51.79
51.73
51.5
51.68
51.75
51.74
51.64
51.92
51.94
51.77
51.92
51.89
51.8
51.8
51.72
51.75
51.77
51.87
51.86
51.71
51.71
51.6
51.71
51.75
51.89
51.86
51.9
51.72
51.93
51.74
52.2
51.98
51.81
51.96
52.19
52.05
51.99
52.16
52.1
52.17
52.42
52.41
52.19
52.19
52.24
52.0
52.17
52.0
52.12
52.32
52.23
52.12
52.23
52.24
52.28
52.22
52.13
52.34
52.03
52.09
51.89
51.8
51.93
51.95
52.11
52.11
52.31
51.63
51.32
51.71
51.71
51.71
51.71
51.79
51.71
51.62
51.79
51.91
52.09
51.68
51.87
51.84
52.14
51.61
51.58
51.83
51.79
51.7
51.6
51.88
52.09
52.23
52.35
52.07
52.07
52.53
52.53
52.53
52.23
52.09
52.11
52.47
52.08
52.32
52.62
52.92
52.95
52.95
52.96
52.79
53.02
52.81
53.0
52.74
52.67
52.74
52.85
52.96
52.94
52.92
52.93
52.78
52.95
53.24
53.1
53.34
53.34
53.24
53.0
53.11
53.34
52.98
52.74
52.7
52.67
52.76
52.95
52.85
52.78
52.74
52.74
52.78
52.54
52.92
53.21
52.25
52.49
52.75
52.78
52.78
52.78
52.78
52.78
52.72
52.99
52.74
52.71
52.8
52.76
52.64
52.54
52.4
52.49
52.39
52.19
52.21
51.67
51.46
51.67
51.83
51.9
51.88
51.9
51.99
52.04
51.98
51.71
51.61
51.45
51.69
51.44
51.69
52.0
52.33
52.6
52.59
52.6
52.73
52.92
52.78
53.0
52.9
52.9
53.33
53.4
53.52
53.0
53.22
53.29
53.26
53.09
53.76
52.9
52.75
52.79
52.83
52.87
52.99
53.0
52.46
52.56
52.53
52.63
52.69
52.8
52.82
54.49
52.7
52.73
52.92
53.0
53.19
53.19
53.25
53.01
53.14
53.02
52.9
53.02
52.95
52.88
53.67
53.84