30.95
30.69
30.49
30.42
30.26
30.47
30.61
30.32
31.64
31.71
31.88
32.1
32.19
32.22
31.99
32.1
32.09
32.27
32.06
32.07
31.98
32.3
32.53
33.11
32.28
31.94
32.07
32.12
31.91
31.74
31.63
31.67
30.86
31.37
31.51
31.99
32.1
32.04
31.78
31.98
31.78
31.84
31.89
31.6
32.13
32.53
32.44
32.6
32.88
32.7
32.37
32.45
32.05
31.99
32.17
31.81
31.7
31.99
31.74
32.45
32.21
33.12
32.54
32.53
32.16
32.05
31.54
31.47
31.52
31.53
30.84
30.53
30.7
30.79
30.85
31.3
31.37
31.33
31.63
31.7
31.05
30.63
30.61
30.57
30.61
30.48
30.35
30.33
30.82
30.48
30.92
30.56
30.1
29.82
29.85
29.85
29.96
30.16
30.16
29.55
28.99
28.24
28.29
28.18
28.15
28.1
28.19
28.22
28.22
28.25
28.29
28.3
28.4
28.31
28.32
28.3
28.21
28.15
28.15
28.25
28.36
28.3
28.31
28.42
28.6
28.49
28.46
28.5
28.25
28.12
28.33
28.4
27.85
27.72
27.87
27.53
27.3
27.3
27.32
27.14
26.87
26.98
26.76
26.89
27.02
26.97
27.02
26.9
26.87
26.8
26.7
26.92
27.37
27.49
27.39
27.54
27.6
27.57
27.63
27.63
27.44
27.63
27.55
27.57
27.7
27.77
27.96
27.96
27.99
27.94
28.09
28.1
28.25
28.24
28.11
27.94
27.86
27.88
27.88
27.9
27.78
27.76
27.71
27.72
27.71
27.62
27.62
27.49
27.57
27.64
27.43
27.34
27.43
27.52
27.51
27.46
27.54
27.63
27.63
27.87
27.83
28.22
28.02
28.28
28.03
28.03
28.03
28.04
27.98
28.19
28.17
28.14
28.07
28.08
28.22
28.18
28.22
28.25
28.29
28.35
28.22
28.27
28.3
28.29
28.29
28.54
28.55
28.63
28.54
28.59
28.59
28.73
28.72
28.98
28.97
28.77
28.73
28.91
28.98
28.93
29.23
29.47
29.18
29.43
29.4
29.37
29.19
28.98
29.16
28.96
28.96
28.52
28.28
28.28
28.32
28.49
28.26
28.11
28.09
28.02
28.15
28.14
28.11
28.08
28.17
28.24
28.36
28.42
28.37
28.34
28.26
28.31
28.18
28.32
28.11
28.36
28.38
28.36
28.1
27.97
28.06
28.1
27.86
27.8
27.77
27.86
27.8
27.88
27.62
27.6
27.49
27.47
27.48
27.51
27.43
27.33
27.42
27.48
27.56
27.16
27.24
27.37
27.28
27.44
27.35
27.44
27.45
27.37
27.54
27.79
27.6
27.44
27.59
27.48
27.69
27.92
28.07
27.97
28.05
28.12
27.8
27.74
27.72
27.7
27.59
27.7
27.5
27.33
27.1
27.2
27.22
27.22
27.19
27.19
27.34
27.38
27.5
27.46
27.5
27.59
27.62
27.35
27.26
27.29
27.31
27.5
27.38
27.65
27.45
27.72
27.83
27.83
27.8
27.88
27.93
27.88
27.93
27.94
27.82
28.08
28.05
28.1
28.1
28.07
28.16
27.88
27.92
28.1
28.04
28.22
28.29
28.43
28.42
28.17
28.17
28.16
28.0
28.16
28.13
28.1
28.29
28.19
28.18
28.07
28.34
28.22
28.34
28.59
28.61
28.85
28.72
29.12
29.24
29.2
29.16
29.35
29.35
29.23
29.3
29.3
29.28
29.11
29.13
29.45
29.35
29.49
29.73
29.19
29.19
29.18
29.26
29.27
28.86
28.72
28.88
28.66
28.7
28.62
28.64
28.82
28.82
29.05
28.74
28.63
28.54
28.34
28.46
28.42
28.35
28.37
28.33
28.3
28.38
28.44
28.35
28.47
28.33
28.21
28.32
28.48
28.44
28.42
28.14
28.34
28.26
28.26
27.99
28.09
28.01
27.95
27.98
27.99
28.15
28.24
28.16
28.29
28.4
28.43
28.62
28.61
28.54
28.38
28.35
28.15
28.01
28.28
28.26
28.33
27.97
27.97
28.22
28.16
28.09
28.11
28.1
28.25
28.14
28.2
28.02
28.59
28.59
28.36
28.7
28.52
28.66
28.65
28.45
28.58
28.46
28.52
28.38
28.71
28.81
28.69
28.56
28.51
28.39
28.45
28.9
28.88
29.15
29.02
28.89
29.02
29.21
29.88
29.22
29.5
29.05
28.42
28.44
28.47
28.47
28.03
27.86
27.65
28.45
28.31
28.37
28.09
28.61
27.93
28.4
28.77
28.82
28.6
28.51
28.21
28.2
27.84
29.29
30.03
27.98
28.51
28.73
28.25
27.7
28.0
27.39
28.59
28.69
28.46
28.52
28.45
28.62
30.76
28.66
28.85
29.23
29.12
29.12
29.53
29.73
30.08
29.51
29.29
29.57
31.63
31.72
31.66
31.67
31.8
31.96
32.01
31.97
31.75
32.12
32.14
32.63
32.59
32.58
32.58
32.76
32.68
32.74
32.95
33.24
33.49
33.39
33.09
33.02
32.84
32.56
32.33
32.61
32.45
32.11
32.16
32.32
32.35
32.29
32.38
31.51
31.76
31.88
31.87
31.84
31.89
31.83
32.05
32.18
32.33
32.46
32.64
32.43
32.05
32.29
31.75
32.11
32.13
32.34
32.37
32.49
32.43
32.48
32.83
32.67
32.85
32.96
32.83
33.02
33.02
33.02
33.02
33.02
32.82
32.65
32.8
32.93
33.09
32.54
32.03
31.37
31.67
31.37
31.28
31.43
31.26
31.29
31.13
31.27
30.99
30.87
31.15
31.41
31.84
31.84
31.84
31.54
31.45
31.6
31.07
31.21
31.54
31.0
30.57
30.49
30.62
30.82
30.85
30.73
30.78
30.4
30.76
30.77
30.92
31.01
31.28
30.89
30.78
31.16
31.31
31.45
31.75
31.89
31.94
31.93
30.77
30.97
31.21
31.17
31.01
31.12
31.2
30.94
30.84
31.0
30.97
30.46
30.0
30.24
30.19
30.55
30.66
30.09
30.09
29.83
29.83
29.8
30.06
29.73
29.86
29.62
29.64
30.02
30.29
30.35
29.92
30.08
30.01
30.08
30.3
30.15
30.17
30.3
30.15
30.81
30.15
30.41
30.93
31.1
31.07
31.23
31.19
31.7
31.86
31.43
30.98
31.7
31.75
32.25
30.69
30.06
30.14
29.73
30.08
29.54
29.09
29.17
29.22
29.11
29.24
29.38
29.38
29.47
29.4
29.26
29.22
29.48
29.38
29.37
29.69
29.48
29.49
29.63
29.62
29.63
29.67
29.56
29.61
29.67
29.51
29.35
29.12
29.32
29.22
29.42
29.55
29.64
29.56
29.74
29.87
29.8
30.02
29.91
29.75
29.82
29.81
29.91
29.72
29.54
29.58
29.58
29.81
29.81
29.98
29.57
29.43
29.68
29.51
29.3
29.2
29.2
29.27
28.99
28.94
29.02
28.98
28.87
28.81
29.06
28.93
29.24
29.34
29.34
29.55
29.22
29.27
29.28
29.66
29.66
29.7
30.22
30.22
30.22
30.22
30.23
30.5
30.2
30.37
29.73
30.19
28.95
28.43
28.4
28.32
28.34
28.15
28.2
28.05
27.76
27.47
27.52
27.52
27.27
26.88
26.94
26.96
26.75
26.67
26.74
26.64
26.87
27.43
27.47
27.41
27.53
27.45
27.72
27.65
27.35
27.32
27.01
26.99
26.81
26.74
26.74
26.62
26.57
26.72
26.58
26.72
26.63
27.23
27.39
27.3
27.45
27.52
27.68
27.55
27.55
27.53
27.7
27.36
27.48
27.19
27.21
27.34
27.41
27.34
27.59
27.56
27.57
27.7
27.81
27.71
27.89
27.86
27.97
27.83
27.79
27.6
27.36
27.47
27.61
27.78
27.61
27.99
27.69
27.69
27.72
27.67
27.45
27.59
27.57
27.84
27.86
28.0
28.07
27.92
27.87
28.01
27.97
27.96
28.0
27.8
27.87
27.89
27.87
27.74
28.13
28.24
27.82
27.9
27.86
27.65
27.63
27.53
27.8
27.88
28.02
27.86
27.93
28.36
28.79
29.12
29.3
28.91
28.76
28.76
28.6
28.39
28.8
28.6
28.71
28.99
29.05
29.05
28.96
29.35
29.35
29.35
29.35
29.44
29.36
29.3
29.4
29.58
29.55
29.41
29.25
29.36
29.48
29.4
29.52
29.55
29.43
29.74
29.64
29.37
29.11
29.0
29.18
29.07
28.6
28.65
28.64
28.64
28.69
28.96
29.02
28.92
28.94
28.63
28.64
29.25
29.28
29.44
29.28
29.29
29.38
29.11
28.69
28.8
28.68
28.8
28.6
28.71
28.53
28.74
28.66
28.36
28.5
28.46
28.59
28.72
28.78
28.57
28.59
28.46
28.69
29.05
29.11
29.07
28.98
28.72
28.41
28.31
28.35
28.16
27.39
27.0
27.88
27.76
27.78
27.66
27.82
27.96
28.26
28.24
28.37
28.3
28.18
27.8
27.57
27.63
27.65
27.5
27.61
27.51
27.42
27.35
27.58
27.73
27.62
27.62
27.58
27.77
27.82
27.99
27.93
28.09
27.88
27.79
27.54
27.38
27.57
27.73
27.48
27.5
27.78
27.78
28.03
27.91
27.8
27.28
27.54
28.66
29.06
26.44
26.18
26.03
26.27
25.5
26.33
26.34
26.58
26.76
27.58
27.31
28.16
28.12
28.2
28.15
28.16
28.28
27.91
27.95
28.38
28.87
28.98
29.16
29.46
29.46
29.2
29.31
29.33
29.1
28.96
29.18
29.25
29.29
29.28
29.77
29.87
29.63
29.7
29.85
29.94
29.9
29.88
29.63
29.59
29.11
29.02
29.21
29.3
29.0
29.26
29.26
29.17
29.1
29.22
29.46
29.38
29.29
28.94
29.3
29.12
29.62
29.74
29.48
29.32
28.98
29.06
29.24
28.91
29.0
29.72
29.36
29.38
30.26
30.76
30.97
30.66
31.04
31.36
31.48
31.74
31.74
31.17
31.17
31.24
31.14
30.98
31.19
31.17
30.96
31.0
31.52
31.74
32.41
32.21
32.04
32.61
32.9
34.22
33.5
33.5
33.57
33.56
33.74
33.88
33.75
33.8
33.69
33.69
33.75
33.72
33.83
33.99
34.39
34.04
34.04
34.2
34.01
33.87
33.94
33.82
34.0
34.16
34.31
34.36
34.04
34.17
34.1
34.1
33.86
33.82
33.94
33.73
33.58
33.45
33.59
33.39
33.44
33.74
33.6
33.28
33.55
33.3
33.68
34.27
33.84
33.53
34.02
34.03
33.89
34.18
34.36
34.71
34.59
34.68
34.61
34.74
34.52
34.45
34.41
34.78
35.33
35.32
35.34
35.08
35.09
35.35
35.47
35.53
35.66
35.57
35.77
35.93
35.72
35.66
35.75
35.76
35.72
35.83
35.98
35.89
36.06
36.09
36.16
36.21
35.82
35.92
36.04
36.19
36.27
36.17
36.1
36.09
36.14
35.5
35.6
35.68
35.67
35.72
35.78
35.77
36.01
35.9
35.81
35.88
35.96
35.94
35.95
35.91
36.13
35.96
35.92
35.77
35.76
35.81
35.87
35.87
35.81
35.88
35.77
35.77
35.79
35.93
36.02
36.14
36.12
36.1
36.11
35.95
36.07
36.0
36.0
35.97
36.05
35.66
35.27
35.89
35.84
35.64
35.9
35.81
35.97
35.7
35.72
35.61
35.6
35.78
35.72
35.7
36.24
36.34
36.4
36.31
36.35
36.36
36.36
36.46
36.21
36.2
36.45
36.47
36.24
36.38
36.36
36.27
36.06
36.3
36.43
36.49
36.41
36.82
36.85
36.92
36.86
36.84
36.8
36.79
36.88
36.74
36.89
36.84
36.79
36.71
36.78
36.81
36.86
36.87
36.81
36.53
36.66
36.53
36.55
36.5
36.48
36.54
36.52
36.75
36.75
36.74
36.72
37.05
37.0
37.05
36.95
36.85
36.68
36.49
36.82
36.64
36.75
36.6
36.8
36.57
36.83
36.71
36.61
36.83
36.81
36.78
36.73
36.67
36.6
36.64
36.82
36.86
36.99
37.02
36.96
37.04
36.87
37.27
37.24
36.75
36.48
36.54
36.36
36.8
36.88
36.63
37.1
37.2
37.65
37.7
37.79
37.6
37.61
37.75
37.53
37.38
37.34
37.01
37.22
36.86
36.86
36.91
36.92
36.95
37.06
37.07
37.05
36.92
36.84
36.9
36.81
36.46
36.39
36.56
36.9
36.79
36.81
36.58
36.94
36.91
36.64
36.71
36.78
36.64
36.76
36.75
36.93
36.87
36.93
37.0
36.94
36.9
37.0
37.15
37.15
37.0
36.92
36.58
36.54
36.59
36.35
36.62
36.63
36.36
36.42
36.25
36.16
36.0
36.31
36.25
36.48
37.24
37.53
37.59
36.99
37.21
37.48
38.03
38.29
38.8
38.87
38.74
38.74
38.59
38.61
38.57
38.49
38.57
38.49
38.73
38.42
38.53
38.5
38.64
38.72
38.57
38.6
38.73
38.68
38.94
38.78
38.91
39.09
39.04
38.63
39.17
39.17
39.03
38.84
38.88
38.73
38.5
38.71
38.74
38.8
38.94
39.08
39.21
38.9
38.94
38.97
38.77
39.1
39.5
39.3
39.14
39.08
38.89
38.41
38.61
38.3
38.52
38.71
38.59
38.93
38.97
38.98
39.07
38.65
38.33
38.42
38.32
37.81
37.91
37.81
37.81
37.69
37.41
37.39
37.58
37.7
37.8
37.75
37.89
37.9
37.81
37.8
37.59
37.96
37.92
37.75
38.0
37.76
37.91
37.8
37.84
37.52
37.49
37.7
37.33
37.04
37.04
37.04
36.92
36.89
36.85
36.95
36.89
36.98
36.93
37.31
37.33
37.19
37.24
37.26
37.02
37.03
37.08
37.08
36.97
37.06
36.78
36.94
37.0
37.15
37.24
37.24
37.24
37.3
37.41
37.6
37.89
37.63
37.54
37.82
37.67
37.86
37.62
37.81
37.81
37.86
37.99
37.87
37.95
38.0
37.91
37.57
37.57
37.61
37.53
37.56
37.62
37.68
37.56
37.76
37.75
37.82
37.95
37.86
37.88
37.82
37.82
37.55
37.65
37.52
37.68
37.04
37.13
37.15
37.44
37.36
37.43
37.17
37.31
37.19
37.27
37.24
37.3
37.1
37.47
37.52
37.64
37.72
37.39
37.58
37.59
37.9
37.86
38.0
37.83
37.67
37.63
37.7
37.9
37.64
37.32
37.4
38.03
38.03
38.08
38.32
38.12
38.51
38.22
37.99
38.57
38.5
38.78
38.63
38.57
38.85
38.66
38.21
37.85
38.03
37.6
37.5
38.11
37.94
38.0
39.18
38.32
38.32
38.69
38.55
38.88
39.45
38.94
39.09
38.79
39.21
39.31
38.81
39.02
38.36
38.56
38.59
38.48
38.96
38.95
38.8
39.39
39.38
39.53
39.02
39.1
39.13
39.06
38.7
38.84
38.11
38.2
38.39
38.33
37.71
38.65
38.97
38.9
39.09
38.98
38.5
39.0
39.25
39.4
39.26
39.4
39.97
40.5
39.81
39.72
39.78
40.01
41.18
40.63
40.55
41.39
39.15
38.23
37.38
37.45
37.47
37.99
37.94
38.22
38.06
39.02
37.89
38.99
36.72
36.19
36.33
36.83
36.76
36.62
36.42
36.38
36.36
36.08
35.73
35.83
36.02
36.17
36.19
35.88
35.9
36.1
35.82
36.16
36.11
35.95
36.31
36.03
35.79
36.38
36.1
36.55
36.4
36.82
37.45
38.04
37.52
38.03
37.63
37.53
38.72
37.88
37.15
36.95
36.56
36.65
36.69
36.62
36.3
36.6
36.46
34.88
35.17
34.43
34.01
33.9
33.61
33.46
33.63
33.48
33.48
33.48
33.48
33.51
33.39
33.32
33.32
33.32
33.2
33.26
33.33
33.27
33.13
33.19
33.05
33.14
33.15
32.99
33.1
33.1
32.79
32.78
32.65
32.42
32.79
32.76
32.55
32.68
32.74
32.89
32.92
32.69
32.75
32.64
32.96
32.97
32.74
32.62
32.49
32.74
33.04
33.1
34.56
34.55
34.53
34.57
34.95
34.95
34.67
34.74
34.74
35.78
35.82
35.91
35.83
36.1
36.28
36.42
36.4
36.55
36.81
36.84
36.56
36.64
36.61
36.71
36.69
36.64
36.84
36.75
36.51
36.36
36.51
36.52
36.68
36.54
36.65
36.73
36.69
36.84
36.89
36.82
36.8
36.58
36.64
36.35
36.33
36.68
36.55
36.56
36.5
36.39
36.28
36.04
36.42
36.46
36.66
36.61
36.49
36.52
36.36
36.57
36.4
36.24
36.44
36.56
36.71
36.55
36.73
36.47
36.39
36.01
35.9
35.85
35.75
35.88
35.95
35.91
35.96
35.76
35.75
35.83
35.73
35.63
35.8
35.9
35.83
35.8
35.99
35.86
35.83
35.92
35.99
35.9
35.95
36.1
36.26
36.15
36.12
35.81
35.97
36.5
36.25
36.36
36.12
36.1
35.91
35.9
35.76
35.77
35.92
35.88
35.91
35.87
36.39
36.29
36.49
36.23
36.23
36.1
36.09
36.0
36.03
35.68
35.57
35.62
35.71
35.88
35.89
36.47
36.47
36.57
36.55
36.19
36.18
36.28
36.3
36.19
36.32
36.59
36.6
36.76
36.69
36.45
36.33
36.15
36.31
36.48
36.36
36.48
36.03
35.85
35.7
35.65
35.79
35.73
35.77
35.69
36.02
35.69
35.66
35.54
35.6
35.64
35.68
35.7
35.87
35.7
35.87
35.64
36.29
36.78
36.65
36.58
36.49
36.79
36.73
36.87
36.68
36.76
36.85
36.87
36.82
36.84
36.81
36.73
36.85
36.87
36.8
36.94
37.61
36.73
36.9
36.8
36.82
36.77
36.72
36.8
36.58
36.81
36.91
36.75
36.89
37.13
37.14
37.23
37.07
37.01
36.9
36.97
36.97
37.28
37.28
37.13
36.83
36.78
36.71
36.6
36.96
37.06
37.15
37.24
37.3
37.17
37.23
37.1
37.16
37.2
37.13
37.06
37.04
36.98
37.02
36.91
37.29
37.36
37.24
37.26
37.3
37.23
37.22
37.2
36.79
36.6
36.84
36.67
36.67
36.57
36.53
36.66
36.69
36.79
36.78
36.77
36.68
36.74
36.8
36.79
36.91
37.0
36.14
36.37
36.4
36.49
36.0
36.02
36.06
35.97
36.12
36.25
36.4
36.39
36.53
36.38
36.43
36.42
36.45
36.51
36.13
36.54
36.37
36.42
36.42
36.29
36.56
36.34
36.77
36.66
36.79
36.69
36.48
36.64
36.28
36.48
36.53
36.79
37.1
38.15
37.68
37.38
37.44
37.29
37.46
37.54
37.63
37.71
37.71
37.64
37.52
37.59
37.83
37.55
37.74
37.73
37.41
37.28
37.76
37.35
37.81
37.81
37.77
37.88
38.02
37.83
37.74
37.99
38.12
37.97
37.96
37.98
37.89
37.92
37.97
37.92
37.83
37.6
36.77
36.79
36.95
37.1
37.04
36.71
36.68
36.47
36.47
36.23
36.45
36.47
36.67
36.44
36.61
36.58
36.47
36.06
36.16
36.73
37.14
37.17
37.16
37.14
37.46
37.44
37.14
37.15
37.15
37.16
37.3
37.5
37.4
37.57
37.66
37.81
38.0
37.64
37.57
37.52
37.71
37.54
37.73
37.76
38.03
37.86
37.66
37.22
37.56
37.43
37.01
36.9
36.54
36.5
36.4
36.2
36.23
36.21
36.35
36.24
35.34
35.4
35.67
35.54
35.93
35.78
35.77
35.45
36.57
36.49
36.57
36.29
36.14
36.44
36.55
36.25
36.5
36.17
36.33
36.23
36.78
36.62
36.62
36.62
36.52
37.09
36.87
36.89
37.05
36.89
36.89
36.81
36.71
36.7
36.81
36.6
36.68
36.72
36.7
36.89
36.95
37.0
36.99
37.07
36.97
37.04
37.09
37.1
36.9
37.0
37.18
37.45
37.34
37.52
37.43
37.35
37.51
37.6
37.09
37.19
37.05
36.88
36.85
36.73
36.61
36.48
36.75
36.55
36.45
36.33
36.83
36.87
36.96
37.4
37.4
37.4
37.16
36.99
36.96
36.85
36.91
37.29
36.95
36.8
37.49
37.52
37.67
37.57
37.85
37.78
37.77
37.85
37.8
38.24
38.13
38.19
38.0
38.16
38.3
37.81
37.83
37.65
37.87
37.58
37.63
37.71
37.72
37.92
37.9
37.91
38.08
38.25
38.08
38.31
37.94
37.65
37.59
37.94
38.28
38.13
38.49
38.49
38.37
38.79
38.53
38.76
38.32
38.14
38.17
38.9
38.59
38.55
38.57
38.43
38.62
38.56
38.32
38.88
39.0
38.87
38.98
38.96
39.11
39.48
38.97
38.42
38.77
38.55
38.6
38.29
38.57
38.98
38.27
38.23
38.74
38.84
38.21
37.71
37.86
37.5
38.05
36.79
36.67
36.77
36.99
36.71
37.54
37.22
37.54
37.77
37.83
38.1
37.96
37.07
36.47
36.94
37.27
37.44
36.83
37.1
37.0
36.63
37.55
37.67
38.03
38.05
37.73
38.1
38.34
38.17
38.59
38.77
39.6
39.92
40.48
40.4
40.18
41.08
40.84
40.64
39.81
39.4
38.85
38.89
39.44
38.7
38.95
39.33
39.62
39.54
40.8
37.47
37.29
37.42
37.36
37.29
37.31
37.4
37.71
37.72
37.78
37.33
37.28
36.81
36.97
36.25
35.99
35.3
35.22
35.55
35.55
35.5
35.77
35.3
35.5
34.92
34.81
35.51
35.58
35.14
35.26
34.68
35.39
35.23
34.86
35.48
35.08
35.39
33.99
34.41
33.48
35.36
35.76
37.33
37.54
37.7
37.8
37.91
37.12
37.39
37.59
37.83
37.76
37.72
37.9
38.32
37.9
37.63
38.02
37.91
37.3
36.5
37.26
37.21
36.58
36.9
37.23
36.84
35.59
35.53
35.51
34.88
34.58
36.25
36.07
36.34
36.5
37.25
38.11
37.3
35.96
37.48
35.73
35.04
34.55
38.89
43.03
42.98
43.29
43.67
44.14
44.7
45.82
44.6
44.33
44.12
44.16
44.58
44.72
44.75
44.58
44.29
44.48
44.51
44.1
44.2
43.97
44.4
44.62
44.7
44.26
44.96
45.49
45.89
45.53
45.63
45.49
45.41
45.7
45.75
45.55
45.54
45.8
45.82
45.77
45.9
46.05
46.1
46.31
45.99
45.88
45.96
45.98
45.96
46.13
46.19
46.57
46.8
46.83
46.84
46.59
46.59
46.79
46.61
47.1
46.54
46.41
45.79
46.32
46.58
46.44
47.3
47.62
47.85
47.81
47.64
47.96
47.93
47.72
47.84
48.26
47.81
47.84
47.86
47.9
47.9
48.0
48.2
48.47
48.41
48.54
48.78
49.04
49.32
49.08
48.73
48.86
48.37
48.32
48.71
48.57
48.57
48.56
48.82
48.9
48.98
48.76
49.76
49.13
49.24
48.87
49.59
49.09
48.89
48.78
49.38
49.52
49.35
49.87
50.26
50.8
50.8
50.36
50.24
50.28
50.24
51.04
49.75
48.4
48.39
48.8
49.03
49.04
49.1
49.37
49.65
49.62
49.41
49.4
48.37
48.98
50.71
50.51
51.44
52.7
52.91
52.97
52.94
52.79
52.55
52.66
52.9
52.96
53.43
51.91
51.78
51.05
51.29
50.73
50.5
51.92
51.47
51.24
51.36
51.22
51.42
51.1
51.0
50.8
51.23
51.0
51.02
50.57
50.52
50.96
51.24
49.96
49.5
48.79
48.7
48.05
47.83
47.84
47.91
48.04
48.02
47.67
48.49
48.52
48.57
48.45
48.4
48.63
48.33
48.14
48.35
47.8
47.72
47.72
47.81
47.71
47.81
47.77
47.78
48.77
48.78
48.79
48.79
48.73
48.78
48.88
49.2
48.5
47.63
47.46
47.02
46.78
46.4
46.55
46.45
46.64
46.63
46.81
46.88
46.85
46.72
46.69
47.08
46.96
47.43
47.37
47.6
47.57
47.7
47.0
47.09
46.5
46.0
46.2
46.21
46.37
46.42
46.5
46.85
46.75
46.67
46.2
45.79
45.84
45.59
45.3
45.35
45.44
45.33
45.03
44.99
44.92
44.66
44.62
44.57
44.71
44.65
44.77
44.92
44.8
44.26
44.51
44.42
44.02
44.02
44.04
44.33
44.35
44.4
44.37
44.21
43.9
43.9
43.99
44.23
44.35
44.46
44.49
44.66
44.72
44.71
44.67
44.81
44.74
44.5
44.62
44.35
44.44
44.17
44.19
44.35
44.56
44.34
44.52
44.26
44.09
43.86
44.06
44.07
43.81
43.73
43.94
43.94
44.05
44.11
44.22
44.33
44.35
44.62
44.62
44.31
44.58
44.84
44.4
44.46
44.39
44.34
44.65
44.86
45.0
45.09
44.72
44.57
44.84
44.72
44.59
44.88
45.17
45.0
45.06
45.2
44.95
44.92
45.03
44.81
44.84
45.52
45.47
45.81
45.75
45.7
45.9
45.92
46.08
45.82
46.13
46.17
46.31
46.23
46.33
46.36
46.59
46.93
47.35
47.21
47.32
47.27
47.0
47.32
47.2
47.0
47.16
46.77
46.75
47.24
47.11
46.99
47.37
46.57
46.48
46.21
45.83
46.06
46.97
47.12
47.08
47.16
47.88
48.28
48.39
48.33
48.25
48.21
48.08
48.38
48.27
48.4
48.29
48.15
47.48
47.77
47.91
48.24
48.16
48.17
48.31
48.21
48.14
48.2
48.42
47.46
47.34
47.31
47.05
46.88
46.9
46.86
46.71
46.72
46.66
46.41
46.77
46.48
46.26
46.08
45.97
45.72
45.75
45.89
46.31
45.68
45.67
45.32
45.32
45.46
45.42
46.29
46.29
46.29
45.0
44.68
44.92
45.0
45.3
46.56
46.37
45.75
45.51
45.81
45.77
45.27
45.05
44.88
44.8
45.24
45.31
45.35
45.16
45.04
45.0
44.94
44.94
44.94
45.1
44.76
44.68
45.09
45.4
45.13
45.28
45.03
45.21
45.24
45.12
45.12
45.12
45.18
45.1
44.9
45.19
45.23
45.15
44.87
44.96
44.86
44.97
44.78
45.04
44.84
45.27
44.9
45.45
45.1
45.04
44.69
44.88
45.3
45.38
45.29
45.44
45.28
45.46
45.59
45.72
46.12
45.46
45.44
45.37
45.6
45.79
45.93
45.73
46.18
46.22
46.16
46.43
46.59
46.72
46.32
46.57
46.35
46.19
45.67
45.59
46.43
46.11
46.34
46.37
46.24
46.51
46.39
46.37
46.83
47.0
46.97
47.02
47.06
46.62
46.77
46.57
46.0
45.78
45.6
45.82
45.24
45.31
45.04
45.01
45.03
45.14
45.2
45.34
45.29
45.29
45.37
45.44
45.43
45.55
45.74
45.47
45.15
45.12
44.94
44.87
44.97
45.13
44.98
44.93
44.95
44.95
44.94
44.93
45.06
45.22
45.28
45.3
45.25
45.25
45.07
45.08
45.29
44.69
44.85
44.83
44.08
44.32
44.2
44.5
44.26
44.39
44.29
44.58
44.4
44.31
44.53
44.53
44.57
44.84
44.63
44.66
44.72
44.91
44.88
44.78
44.53
44.48
44.67
44.85
44.99
44.81
44.67
44.59
44.59
44.84
44.86
44.96
45.01
44.59
44.51
44.54
44.21
44.12
44.0
44.08
44.13
44.08
44.13
44.03
44.3
44.85
45.02
44.9
45.16
45.09
45.28
45.09
45.2
45.27
43.8
44.98
45.09
45.72
45.39
45.21
44.92
44.68
45.12
45.69
45.71
45.99
45.74
46.25
46.35
46.52
46.69
46.56
46.57
46.53
46.61
49.35
49.62
49.86
49.98
49.81
49.86
49.7
50.01
50.23
50.03
50.19
50.22
49.81
49.64
49.68
49.93
49.79
50.17
50.49
50.35
50.2
50.52
50.45
50.48
50.25
50.61
50.33
50.53
50.64
50.38
50.42
50.24
50.43
50.58
50.46
50.88
51.01
50.29
50.22
50.92
51.06
51.23
51.38
51.19
50.89
51.18
51.57
51.57
51.71
52.16
52.05
51.89
51.38
51.41
51.51
51.66
51.92
52.07
52.15
51.81
51.79
51.81
51.55
51.92
52.03
52.93
50.11
49.94
49.85
49.79
50.07
50.14
50.19
50.12
50.14
50.04
50.84
51.31
50.41
50.59
50.56
50.15
50.38
50.18
50.19
50.03
50.25
50.42
49.99
50.28
50.19
50.55
50.07
50.0
50.13
49.91
49.82
49.84
49.42
49.26
49.45
49.27
49.51
49.62
49.68
50.07
50.7
50.58
50.82
50.75
50.74
50.63
50.89
50.97
51.06
50.85
51.1
50.66
51.44
51.34
51.34
51.54
51.26
51.5
50.79
50.63
50.48
50.17
50.82
50.96
50.87
50.97
50.94
51.01
50.96
50.65
50.85
50.55
50.95
50.95
50.75
51.14
51.15
51.0
50.87
50.55
50.3
49.94
50.47
50.26
49.73
49.77
49.24
48.98
49.22
49.15
49.02
49.03
48.83
49.23
48.39
49.64
49.84
49.44
49.54
49.77
49.62
49.33
49.3
49.52
48.74
48.96
48.55
48.73
49.79
49.88
50.0
49.76
49.85
49.51
49.89
49.84
49.62
50.99
51.37
51.55
51.89
52.6
52.42
52.05
52.5
52.07
52.28
52.36
52.4
52.13
52.2
51.9
52.36
51.96
52.2
52.35
53.04
53.11
53.08
52.91
53.12
53.64
53.7
53.93
54.39
53.81
53.57
53.22
53.21
53.63
53.61
53.58
54.01
54.3
54.05
53.69
54.0
53.71
53.7
53.9
53.09
52.15
51.88
52.37
52.6
52.82
52.71
52.74
52.84
52.79
52.95
52.84
52.7
53.08
53.1
53.48
53.07
52.94
53.13
52.84
52.22
52.74
51.57
50.89
50.77
50.88
50.7
50.44
51.28
51.0
50.76
50.66
50.05
48.33
47.89
47.43
48.17
48.35
47.92
48.92
48.95
48.99
49.07
49.01
49.04
49.27
49.25
48.97
49.01
49.01
49.15
49.05
48.98
49.27
49.44
49.3
48.9
49.6
49.69
49.71
49.89
49.58
50.19
49.73
49.73
49.18
49.16
49.5
49.8
49.31
49.2
49.49
49.16
49.13
48.87
49.3
50.43
50.6
50.88
50.66
50.44
50.73
50.42
50.38
50.0
49.79
49.64
49.9
50.4
49.8
50.3
49.87
51.1
50.06
50.03
49.08
48.7
48.0
48.52
48.85
49.08
49.82
50.24
50.73
50.41
51.56
51.68
51.39
51.3
51.79
52.76
53.07
54.35
54.58
54.66
54.36
54.47
55.09
54.97
54.8
55.41
55.44
55.28
56.01
55.68
56.13
54.31
54.94
55.19
55.33
55.61
55.58
55.2
55.51
55.13
54.93
55.1
55.23
55.99
56.41
56.51
56.14
56.13
56.74
56.81
56.71
56.76
56.77
56.81
56.92
56.99
56.89
56.62
56.7
56.87
56.91
57.2
57.32
57.33
57.35
57.64
57.69
57.72
57.49
57.29
57.82
57.78
57.56
57.73
57.87
58.18
58.31
58.92
58.99
59.34
59.45
59.93
59.62
60.03
60.24
60.01
59.73
59.66
59.31
58.88
58.73
58.6
58.91
58.66
58.36
58.51
58.06
58.39
57.82
57.62
57.73
57.62
57.72
58.2
57.86
56.53
55.97
56.0
57.16
55.99
56.48
56.58
56.49
56.52
56.47
56.8
57.08
56.79
58.84
59.2
58.92
58.7
58.7
58.73
58.56
58.47
58.43
58.93
59.14
58.74
58.52
58.71
58.48
58.04
58.16
58.14
58.25
58.29
58.85
59.16
59.26
58.59
57.97
60.01
61.37
61.38
61.79
61.4
61.69
61.61
62.08
61.72
61.72
61.72
61.72
61.34
61.23
61.47
61.66
61.4
62.46
62.22
62.19
61.74
63.18
63.0
64.37
66.38
65.78
62.01
60.96
61.31
61.24
61.63
61.81
61.59
61.66
62.43
62.04
62.08
62.73
62.48
62.1
62.64
61.76
61.08
62.24
62.31
62.49
61.97
62.19
62.11
61.88
62.22
62.13
62.4
62.63
62.61
62.85
62.92
62.63
62.43
61.37
62.07
62.95
64.12
63.99
63.91
64.41
64.0
64.16
64.7
64.1
64.44
64.6
66.23
66.3
65.97
67.15
66.21
66.18
66.12
66.14
66.55
66.8
66.88
67.06
66.92
66.9
66.95
67.2
67.33
68.01
66.82
67.15
66.58
67.79
67.82
66.86
66.46
66.83
66.56
66.67
66.3
66.16
67.15
67.93
67.0
67.31
66.03
66.53
66.14
65.84
65.77
65.72
64.87
64.9
65.02
64.33
64.17
63.79
63.62
63.76
63.62
63.58
63.63
63.72
63.45
63.6
64.5
65.06
65.42
65.39
65.13
65.24
65.34
65.57
65.52
65.39
65.27
65.2
64.94
65.04
64.96
65.14
65.11
65.17
65.0
64.92
66.93
66.87
66.73
66.95
66.61
67.09
66.75
66.37
66.57
66.98
66.31
66.34
66.33
66.28
66.22
66.17
67.48
67.35
67.28
67.22
67.22
67.42
67.09
67.5
68.2
67.56
67.31
67.24
67.32
67.54
67.53
67.48
67.75
67.84
67.77
67.62
67.1
67.28
67.04
67.12
66.71
66.74
66.78
66.63
66.42
66.47
66.64
66.99
66.77
67.16
66.87
67.16
67.44
67.59
67.38
67.79
67.97
67.28
67.15
67.26
67.47
67.38
68.25
67.96
68.62
68.21
68.06
67.77
67.07
67.04
67.23
66.94
66.94
67.37
66.88
66.58
66.58
66.91
67.44
67.34
66.76
66.87
66.83
66.56
66.93
67.18
66.97
67.14
67.23
66.5
66.44
66.52
66.14
65.87
65.93
66.02
66.29
66.27
66.09
66.22
66.25
66.3
67.15
67.54
67.45
67.49
67.53
67.29
66.93
67.16
67.22
67.34
67.22
67.12
67.54
67.32
67.0
67.77
67.81
68.83
69.16
68.88
68.81
69.22
69.22
69.36
69.43
68.79
68.76
68.67
68.37
68.35
68.58
68.84
68.92
68.87
68.77
68.63
68.76
68.95
68.83
68.74
69.06
69.35
69.38
69.43
69.26
69.38
68.96
69.0
68.96
68.61
69.04
68.89
69.25
68.99
68.8
68.75
68.97
69.0
69.17
69.26
68.71
68.4
69.16
69.28
72.07
72.41
72.27
72.45
72.36
72.78
72.7
72.7
73.08
73.21
71.52
71.33
71.36
71.64
71.55
71.46
71.08
71.16
71.1
70.92
71.06
71.18
71.4
71.24
71.51
71.87
71.46
71.06
71.11
71.57
71.17
71.04
70.86
70.5
70.17
70.17
70.15
70.05
70.08
70.76
70.79
70.91
71.26
70.97
70.87
71.94
71.67
71.45
71.32
71.33
71.27
71.36
71.56
71.56
72.04
72.21
71.55
72.06
71.0
71.04
70.8
69.75
70.49
69.38
69.79
69.26
71.34
70.91
69.07
69.18
69.33
69.8
69.88
69.61
69.07
68.91
68.61
68.17
68.29
69.07
68.92
68.83
70.66
71.98
72.21
72.98
72.59
72.4
70.49
70.11
69.69
70.22
70.34
70.48
70.56
69.32
70.12
69.78
70.59
70.53
72.12
72.87
73.25
73.26
72.52
72.18
73.06
72.74
72.71
72.71
71.78
72.0
71.79
71.83
71.5
71.95
74.25
74.52
75.15
74.29
74.03
75.14
75.06
75.39
75.36
75.06
75.55
75.79
75.4
75.5
75.33
74.89
75.12
75.16
74.16
74.7
74.47
73.95
74.41
74.05
75.73
75.79
76.29
75.68
76.9
76.33
75.63
75.95
76.62
76.17
76.27
77.46
77.8
78.03
77.88
79.45
79.25
79.17
79.25
79.32
79.23
79.67
77.56
77.57
77.17
77.27
77.4
77.39
77.1
77.02
77.11
77.15
77.33
77.8
76.62
76.13
75.05
75.79
75.73
75.52
75.54
75.26
74.14
73.91
74.0
73.58
74.02
73.3
73.74
74.14
74.89
75.41
75.67
75.7
76.83
75.64
76.49
76.0
77.5
78.85
79.18
79.33
79.28
78.92
79.05
79.01
78.59
79.64
79.32
79.62
80.0
79.5
73.91
73.79
78.05
76.78
76.0
76.65
76.47
76.18
76.49
76.06
74.63
74.88
74.76
73.05
74.04
75.23
76.44
75.14
75.64
76.98
76.58
75.14
73.93
73.89
70.64
69.74
66.93
67.66
69.56
70.9
71.34
71.61
69.93
68.31
67.27
66.88
67.77
68.19
67.13
67.5
69.55
68.71
68.76
67.44
69.08
70.1
75.9
74.46
76.11
77.1
78.23
78.11
78.04
78.96
79.1
79.21
79.57
79.54
79.2
79.48
80.97
81.4
80.39
80.37
79.85
80.17
79.56
80.17
77.09
79.4
78.72
78.92
78.21
77.17
77.61
77.94
78.21
77.52
78.49
77.72
77.61
78.64
79.03
78.25
78.55
77.38
82.15
84.03
84.64
84.02
82.95
83.47
84.13
83.61
81.01
82.52
82.14
83.98
82.0
83.89
84.24
89.04
89.13
89.94
89.68
89.9
89.64
89.61
90.34
89.7
89.63
88.69
86.88
87.3
89.14
88.04
89.49
89.67
90.71
89.6
89.19
88.34
87.45
87.61
89.3
89.63
89.42
90.28
91.36
90.8
91.0
92.0
92.43
92.3
93.18
91.86
91.59
91.87
90.38
91.1
89.76
89.74
89.63
90.0
90.69
90.83
91.11
90.55
90.98
89.75
90.14
88.44
88.61
88.09
87.01
88.22
88.38
87.78
88.0
88.0
89.19
88.43
91.5
91.64
92.16
92.16
90.18
91.33
90.16
90.85
90.12
87.64
88.43
88.35
89.43
89.37
90.18
89.18
93.67
95.07
95.41
95.16
97.21
96.76
96.35
95.17
97.23
97.77
97.24
95.21
96.59
98.1
100.76
101.04
100.58
101.86
101.53
101.42
102.09
103.18
104.03
104.57
102.12
103.96
104.06
101.16
100.85
100.49
99.99
98.87
99.57
100.39
101.93
101.28
101.95
102.01
102.66
102.69
102.52
103.47
105.16
104.24
104.03
106.0
105.55
106.17
106.17
105.71
106.15
105.22
105.25
105.85
105.26
105.61
106.12
104.58
104.66
104.6
104.9
105.33
105.77
105.87
105.98
106.51
106.13
106.5
105.52
105.13
105.64
105.98
105.61
106.28
106.68
106.15
106.72
105.77
106.67
106.33
106.08
105.55
105.3
103.22
103.6
104.54
103.43
103.21
103.16
103.26
103.53
102.87
103.2
102.7
102.64
103.09
102.58
102.86
103.25
103.17
103.68
103.2
103.31
104.88
104.69
103.53
104.46
104.25
105.76
105.0
102.91
102.56
101.33
101.11
101.4
101.02
101.39
101.59
101.12
102.15
102.01
102.02
102.48
102.77
99.99
100.27
101.09
101.6
103.22
102.9
102.84
99.53
100.37
101.11
100.03
100.4
100.07
101.36
100.77
98.99
98.72
99.0
100.68
100.57
100.6
100.72
101.61
101.56
100.57
102.88
102.83
103.74
104.17
104.6
105.26
104.82
104.37
104.5
104.87
103.9
103.39
102.82
102.57
103.04
102.36
103.83
103.15
102.78
104.41
105.25
105.02
104.79
106.49
105.37
103.72
104.4
103.8
102.93
102.46
101.86
103.01
103.55
103.0
103.86
103.22
104.92
104.78
102.88
104.81
106.52
105.94
104.94
105.46
102.91
104.45
103.93
101.4
101.9
100.55
101.01
102.88
101.56
102.42
100.64
101.03
100.47
97.66
99.03
97.78
98.29
98.88
100.0
97.98
97.35
102.28
102.28
102.28
102.28
102.28
102.28
102.28
102.28
103.16
102.4
102.1
101.55
99.5
99.34
100.0
97.9
100.44
100.82
103.08
103.5
104.94
105.42
103.65
102.78
104.38
105.25
106.68
105.24
104.18
104.72
102.37
103.22
106.58
106.95
107.16
106.54
106.8
105.99
105.11
105.58
104.87
108.34
108.17
109.0
111.5
110.76
110.0
111.77
111.58
113.08
113.97
113.19
113.49
113.97
113.97
113.1
111.76
113.5
112.3
112.96
112.7
111.82
112.45
112.21
110.6
111.6
112.45
110.76
111.09
110.95
110.78
110.1
108.21
109.68
107.15
107.86
107.72
110.8
111.99
111.19
111.77
111.07
112.85
112.73
112.22
112.06
110.61
109.87
112.24
111.58
114.26
113.92
112.33
112.9
110.66
112.21
109.6
111.98
109.98
106.93
109.71
111.64
105.24
104.3
100.32
99.83
100.75
100.62
98.73
98.29
103.89
105.75
102.24
102.09
105.24
102.95
103.9
103.5
106.14
107.28
110.69
108.96
109.97
110.01
108.27
110.4
112.27
110.53
108.68
110.11
114.16
115.52
118.92
121.07
117.45
112.44
110.28
109.1
107.55
108.24
105.19
105.66
105.07
106.64
106.72
108.44
108.74
106.85
107.23
107.6
104.94
105.66
104.24
104.53
105.29
105.39
105.26
104.83
105.86
105.3
105.78
106.26
107.89
107.21
107.43
107.49
107.01
107.0
106.85
107.49
107.12
107.86
108.14
108.48
108.8
108.71
108.73
108.32
108.29
109.02
109.56
109.63
108.23
109.28
109.0
108.8
107.95
107.53
107.35
108.13
108.27
107.69
108.41
107.75
105.6
105.9
106.3
108.38
109.28
110.65
111.21
111.81
111.24
110.36
111.34
112.13
112.42
112.55
111.94
112.32
111.93
111.82
112.76
113.64
113.86
114.03
113.63
113.61
113.55
113.0
113.69
113.36
112.7
111.8
112.68
112.98
113.3
112.94
115.0
114.0
114.33
112.78
116.24
113.68
112.91
113.12
112.74
113.99
113.0
113.55
112.3
112.2
111.77
113.19
111.88
110.61
111.01
109.56
109.91
109.08
109.63
111.01
111.72
110.97
109.55
109.19
109.33
110.84
110.29
111.68
113.28
113.28
112.55
111.96
112.23
111.33
111.1
111.5
113.11
113.3
109.54
109.99
109.64
110.05
109.42
109.41
109.04
108.64
107.52
106.99
107.64
106.6
107.73
107.88
108.09
107.61
110.0
109.2
107.7
107.86
108.29
110.12
110.0
110.33
111.15
111.05
112.01
110.35
110.12
110.09
110.54
110.92
108.27
107.32
109.53
108.39
110.64
112.22
111.0
113.12
114.23
115.18
113.08
113.34
114.08
114.59
114.55
112.49
112.16
110.97
108.67
109.86
109.36
109.35
109.23
104.78
108.79
109.23
109.28
110.72
108.15
106.72
104.34
103.39
101.78
104.45
106.36
104.37
102.5
102.41
103.68
102.35
102.27
100.8
100.38
100.22
100.79
101.63
101.04
99.64
96.06
99.16
98.43
97.82
97.67
96.53
96.99
95.82
95.06
94.51
94.71
95.56
95.99
95.46
95.51
95.88
93.86
94.84
94.55
93.82
92.75
94.21
94.04
93.78
93.22
93.63
93.58
92.81
92.79
92.4
91.84
93.15
95.0
94.62
94.61
92.79
92.64
92.76
92.0
92.33
92.4
93.0
93.04
93.38
93.23
93.14
92.86
93.73
92.95
92.57
91.99
91.92
93.26
93.62
93.12
91.97
92.15
91.6
91.16
91.77
90.75
91.79
92.18
92.27
91.24
90.34
89.81
88.73
88.35
88.6
87.87
87.29
88.73
89.47
90.43
91.67
92.53
92.44
92.23
95.5
89.63
88.89
89.42
87.81
87.96
88.63
88.33
89.59
88.57
88.57
90.06
90.11
89.61
89.88
90.68
91.01
91.0
90.89
89.91
88.71
88.56
88.54
88.84
88.4
88.58
88.16
87.7
87.14
88.03
87.91
89.14
90.75
91.34
90.32
88.89
89.27
89.67
90.38
90.7
89.08
88.43
84.85
84.13
83.19
83.42
83.78
81.87
83.01
83.02
82.54
81.06
80.59
80.84
81.15
79.5
79.73
79.95
80.18
80.4
79.78
79.53
79.76
80.07
79.97
77.99
78.4
78.67
78.07
78.47
77.63
78.92
78.92
78.67
78.53
79.02
79.13
79.65
79.47
79.88
79.7
79.92
79.25
79.4
78.93
79.96
79.14
79.83
81.12
81.21
81.31
80.3
81.08
80.54
77.94
78.62
79.23
78.91
78.56
78.24
78.09
78.34
78.41
78.29
77.3
77.67
76.66
76.61
77.7
77.79
76.69
77.33
77.0
79.42
79.7
79.76
79.69
80.88
80.83
80.69
80.68
80.56
79.78
79.86
79.61
79.18
79.17
79.89
79.99
80.87
80.68
80.71
80.58
80.51
80.73
80.61
81.34
81.95
82.61
83.77
84.18
84.06
83.87
83.53
83.57
83.06
83.26
83.16
83.3
83.32
83.31
83.48
83.92
83.54
84.23
83.99
83.16
83.65
84.72
84.31
83.9
83.0
82.4
82.79
82.44
81.76
81.67
81.53
81.89
81.93
80.81
79.87
79.94
80.89
80.58
80.47
80.0
80.29
78.39
78.72
78.26
77.9
77.99
78.49
79.4
79.02
79.31
79.64
80.28
80.4
80.34
80.29
80.17
80.02
80.79
80.37
81.0
81.03
80.97
80.78
80.69
80.35
80.01
79.51
79.08
79.35
78.95
78.7
78.44
76.93
77.14
77.94
77.97
79.59
79.39
78.46
78.5
78.87
77.57
78.15
78.76
78.9
79.45
78.29
78.63
77.81
77.31
75.37
77.38
76.07
78.25
78.12
81.11
81.73
82.36
82.84
81.68
81.03
81.68
81.96
81.91
81.21
81.02
80.94
82.23
82.13
84.0
84.35
84.06
83.25
86.38
86.62
87.44
87.53
87.32
86.62
86.61
85.84
85.06
86.36
87.29
86.66
87.51
84.92
85.1
85.17
85.93
86.88
87.8
87.78
87.98
87.52
88.1
89.08
88.31
88.21
88.08
87.9
86.35
88.09
88.66
89.32
88.44
89.79
89.69
88.21
88.2
88.4
89.15
87.23
87.09
86.43
86.0
86.24
86.96
87.59
87.32
86.81
88.17
88.06
87.14
87.05
86.29
87.05
87.81
87.7
86.52
88.51
88.52
89.49
89.56
89.77
88.79
88.59
87.88
87.3
90.64
91.49
90.74
90.74
90.74
90.74
90.74
90.8
88.81
88.12
88.71
87.23
87.22
86.73
88.31
87.57
86.84
84.16
83.87
84.28
84.21
84.46
84.37
84.44
83.0
85.89
87.22
85.2
83.98
83.27
83.19
81.81
84.98
86.28
87.51
87.24
89.93
93.29
92.62
93.34
94.37
94.87
92.66
87.15
86.74
87.02
87.2
86.29
86.74
86.24
84.09
84.91
86.9
85.45
86.93
86.89
86.61
87.61
86.7
86.14
86.33
86.13
85.73
85.74
83.81
82.67
83.87
82.36
81.9
81.43
80.97
79.59
81.26
82.28
82.22
83.82
84.09
85.3
86.0
86.34
85.31
85.27
85.78
86.52
84.51
85.5
85.14
84.71
84.78
86.96
84.68
84.96
83.84
85.34
84.01
84.68
83.07
78.5
78.46
77.5
77.06
76.59
76.51
76.75
75.61
75.87
76.39
75.16
75.04
77.2
76.82
75.98
76.11
75.59
75.87
76.01
75.64
75.75
76.35
75.87
75.52
75.71
76.42
77.27
77.48
76.11
75.33
75.74
74.81
73.52
71.56
71.61
72.19
72.37
72.55
72.29
72.19
71.69
71.98
72.02
71.75
71.67
71.32
71.42
71.99
71.74
71.84
73.05
72.77
72.61
72.2
72.54
72.48
72.44
72.36
72.92
72.62
72.96
72.95
72.88
73.82
74.0
74.22
72.99
72.06
72.84
72.55
72.53
73.26
72.8
72.98
73.41
72.77
72.72
72.88
73.49
73.88
73.92
73.98
74.27
74.03
74.34
74.16
73.57
74.36
74.73
74.03
73.44
73.7
72.87
72.59
72.25
72.26
71.7
72.1
72.22
72.25
72.1
71.69
71.78
71.37
70.66
70.56
70.38
71.22
70.96
70.74
70.19
69.68
70.22
70.31
69.04
68.5
69.85
69.86
70.77
70.83
70.3
70.63
69.8
69.95
69.99
70.41
70.1
72.18
73.84
72.87
72.43
73.06
73.69
73.27
73.02
72.6
72.31
74.01
74.28
74.48
74.6
74.74
74.93
75.1
75.01
74.87
74.93
75.72
75.0
75.25
75.57
76.39
76.08
76.65
76.25
75.94
75.57
75.3
75.19
74.6
74.59
75.08
76.19
75.74
75.12
75.12
75.0
74.56
74.92
74.47
75.71
75.76
76.54
75.66
77.24
77.61
76.74
75.61
76.27
76.16
76.24
75.43
74.61
73.01
74.64
75.68
75.53
75.39
75.28
75.52
75.49
76.07
76.29
75.11
76.1
75.44
78.19
78.59
77.69
76.88
76.15
76.56
76.55
76.12
76.85
76.47
76.0
76.33
76.47
76.95
76.95
75.99
76.36
75.72
75.6
76.0
76.54
75.04
73.94
72.53
72.31
73.11
73.66
71.39
72.57
71.92
72.37
72.43
72.36
72.18
72.35
72.94
71.81
72.27
73.03
72.0
72.48
73.46
73.67
73.76
73.75
73.15
73.2
72.72
73.54
72.43
72.96
70.81
71.25
70.45
70.61
71.11
71.47
71.63
69.81
68.5
67.9
70.03
70.89
70.82
71.02
69.32
71.18
70.61
70.88
69.6
72.54
74.67
75.18
74.3
75.99
74.32
75.93
76.32
76.41
76.89
79.24
77.42
74.26
72.77
74.57
73.63
76.96
77.74
77.77
78.17
75.2
75.0
79.55
80.84
79.72
79.0
77.01
76.35
76.0
76.71
75.92
76.27
76.03
75.11
73.39
71.44
71.5
73.08
73.39
72.82
72.2
70.91
70.31
71.48
71.08
70.09
69.64
69.02
69.03
68.67
68.45
66.77
65.32
65.0
65.03
65.94
67.45
67.17
66.35
67.38
67.96
67.99
67.59
67.42
66.93
66.62
68.63
67.15
67.09
65.89
65.6
64.66
64.66
63.08
63.89
63.47
66.31
64.74
64.92
65.26
64.45
64.76
65.48
63.76
63.49
63.05
63.07
62.05
61.76
61.36
61.37
61.72
61.68
62.12
61.13
61.38
61.14
61.26
60.6
60.45
61.66
61.79
60.74
61.2
60.12
59.58
59.53
59.98
60.93
61.05
60.55
62.08
63.8
63.28
64.89
63.79
63.54
63.28
62.2
63.31
62.99
62.32
63.41
64.68
64.01
63.6
63.55
63.72
63.76
62.51
62.57
61.55
61.76
61.1
60.23
61.8
59.69
59.25
58.29
58.43
57.93
57.25
57.56
57.86
57.66
57.66
57.66
57.68
57.75
56.97
57.81
57.91
57.77
57.46
56.94
56.94
57.1
57.16
57.68
58.0
57.52
57.44
57.92
57.66
57.34
57.5
56.48
56.3
56.02
56.1
56.46
55.78
55.74
55.78
55.54
55.36
55.63
55.69
55.85
56.1
56.51
56.56
56.73
57.12
57.12
57.31
57.22
57.1
57.2
58.26
58.32
58.5
58.48
58.28
57.77
57.91
57.25
57.25
57.66
57.57
57.61
57.61
57.29
57.26
57.58
57.6
57.38
57.17
57.09
56.99
57.15
57.4
57.34
57.26
56.7
57.0
57.19
56.14
56.9
58.33
58.36
58.42
57.96
58.4
58.85
58.96
58.68
58.88
59.59
60.36
59.33
59.97
59.92
59.92
60.25
60.41
60.67
60.75
60.76
60.88
60.53
60.5
59.51
59.82
59.83
59.51
60.34
60.46
60.39
60.3
59.42
59.51
59.09
58.62
59.0
58.96
59.05
58.71
58.45
58.68
58.93
58.85
59.23
59.35
59.18
59.0
59.0
59.09
59.1
59.7
58.62
58.54
59.14
59.42
59.48
59.36
59.48
59.32
59.25
59.27
59.27
59.01
59.78
59.42
59.7
59.58
60.4
59.75
60.09
60.12
60.14
60.11
60.23
59.69
59.57
59.36
59.46
59.31
59.53
59.54
58.97
59.34
60.51
61.12
61.0
61.31
60.93
61.06
61.34
61.27
62.16
62.24
62.99
62.74
61.5
62.31
62.31
62.6
62.4
62.19
61.75
62.7
61.92
61.21
60.91
60.7
61.0
60.38
61.54
59.72
59.28
59.28
59.47
59.55
59.04
59.69
59.34
59.33
58.81
58.86
59.44
59.8
58.85
58.73
58.83
58.88
59.05
59.21
58.83
59.23
59.49
59.65
59.61
59.88
60.0
59.84
59.7
59.59
59.78
59.72
60.0
60.39
60.44
60.0
59.97
60.06
60.27
60.62
60.95
60.06
60.14
59.33
59.16
59.09
59.48
59.37
59.53
59.65
59.93
59.95
59.92
59.69
60.64
60.43
60.22
60.26
59.81
60.03
58.9
59.15
58.86
58.73
58.48
58.89
58.78
58.79
58.36
58.61
58.3
57.71
57.04
56.84
56.84
56.96
56.96
56.53
57.25
57.29
57.06
56.92
57.15
56.88
56.73
56.73
57.57
57.7
57.71
57.35
57.48
57.81
56.41
57.1
57.93
57.71
58.17
58.3
58.75
58.92
59.02
58.95
58.7
58.9
59.13
58.82
58.89
58.71
58.93
58.93
59.35
59.54
59.41
59.85
60.02
60.0
59.78
60.76
60.45
60.82
60.82
60.64
60.41
60.28
60.48
60.82
60.38
60.33
60.47
60.54
60.28
60.35
60.74
61.03
61.01
60.9
61.02
61.07
61.08
61.14
60.33
60.96
60.2
59.89
59.89
59.89
59.88
59.88
59.17
59.13
58.8
59.31
59.03
63.49
60.5
60.5
60.55
60.13
59.73
59.7
59.74
59.36
59.19
60.13
58.78
59.07
58.53
58.37
58.47
58.68
58.07
58.41
58.72
59.6
59.32
60.8
61.63
60.05
60.96
60.63
63.39
64.99
65.01
65.1
65.3
65.09
65.14
64.83
64.77
65.0
65.56
65.11
64.76
65.0
65.12
65.21
65.61
65.47
65.07
65.29
66.0
66.48
65.63
64.71
63.83
64.07
63.71
62.98
62.96
63.27
64.64
64.26
64.12
64.83
64.37
63.58
64.35
64.53
64.45
66.88
66.9
67.11
67.12
66.99
66.96
67.22
66.42
67.61
68.9
68.9
69.48
69.18
69.37
69.93
70.24
69.96
69.5
69.51
69.5
69.78
69.75
70.15
70.05
69.77
69.63
70.0
69.77
69.14
69.56
69.53
69.52
69.63
69.66
69.79
69.99
70.23
69.59
68.91
68.59
67.59
67.94
68.14
68.41
68.52
68.39
67.5
67.26
67.14
67.37
67.45
67.18
67.1
67.35
68.54
68.84
68.92
68.53
68.51
67.83
68.29
68.44
68.39
68.0
67.53
67.4
67.22
66.82
67.35
67.0
68.86
68.92
68.72
68.72
68.8
69.03
68.66
68.98
68.42
69.77
69.4
69.0
69.19
69.49
69.5
69.51
69.86
69.29
69.43
69.66
69.51
69.39
69.02
70.3
69.66
69.78
70.19
70.3
70.13
70.1
70.06
69.52
70.0
70.4
69.89
69.85
69.5
69.81
69.89
69.77
70.07
70.18
70.0
70.37
70.53
70.59
69.85
70.52
70.33
70.0
70.14
69.97
70.35
69.94
69.86
69.89
70.69
70.87
70.91
71.35
71.48
71.41
71.42
71.56
70.93
70.27
70.87
70.93
71.67
70.4
70.8
70.79
70.85
71.15
71.0
71.37
71.4
72.2
71.63
71.61
70.56
70.65
71.14
70.95
70.37
68.63
68.0
68.21
68.69
68.54
68.43
68.51
68.35
68.8
68.8
68.39
68.32
68.89
68.85
69.11
69.34
69.23
69.34
69.56
70.08
69.54
69.37
69.58
69.08
69.43
69.11
69.9
67.78
68.16
67.76
67.61
67.09
67.8
67.88
68.11
68.32
68.32
68.13
67.92
67.66
67.58
67.16
67.94
67.79
67.86
67.51
66.48
66.0
66.8
67.02
67.04
68.45
68.89
68.62
69.11
69.11
68.66
68.9
69.77
69.63
70.1
70.17
70.16
70.17
69.9
70.13
70.47
69.7
70.0
70.45
69.2
69.2
68.91
69.32
69.28
69.22
69.18
69.59
69.47
69.08
69.08
69.14
69.14
68.14
67.97
68.28
68.5
68.9
68.54
68.78
69.9
69.62
69.64
69.56
69.14
69.2
69.5
69.58
69.66
70.01
69.78
69.91
69.89
69.72
69.72
69.72
69.72
70.24
70.63
70.56
71.36
71.45
71.54
71.11
71.11
71.27
72.2
72.2
71.55
70.79
71.49
71.0
71.18
71.54
71.1
71.25
70.87
71.93
71.38
71.71
70.0
69.99
69.99
69.75
69.32
69.81
68.14
69.05
69.03
70.33
70.22
69.75
69.39
69.41
70.22
70.22
69.86
69.27
68.69
67.24
66.25
66.5
65.8
66.54
65.84
68.5
69.27
69.62
69.32
69.14
68.8
70.93
71.55
71.88
72.28
70.99
71.47
72.0
73.86
73.79
71.89
71.58
71.71
72.04
71.87
72.51
71.97
72.17
72.75
72.35
72.35
73.05
72.66
72.15
72.53
72.64
72.65
71.6
71.11
70.89
70.78
70.77
70.39
70.34
70.47
70.74
70.88
70.99
72.18
71.74
71.0
71.28
71.06
71.06
70.82
70.63
69.84
70.87
70.59
71.4
71.4
72.34
73.08
72.58
72.34
72.15
71.91
71.7
71.56
71.68
72.84
72.38
72.01
71.94
71.63
72.03
73.69
73.36
74.04
74.24
74.76
74.88
73.5
73.93
75.06
75.99
74.4
75.07
74.83
73.9
73.45
73.5
73.28
72.41
73.04
72.73
72.84
72.7
72.61
72.21
73.71
72.88
74.0
71.22
70.92
71.97
71.26
71.55
70.15
71.03
70.26
71.68
70.59
71.86
73.0
73.01
72.92
72.97
71.92
70.37
70.37
70.64
70.19
69.63
69.52
70.4
71.25
71.33
71.62
71.07
71.26
71.2
71.57
71.85
72.74
71.74
70.88
71.23
71.57
71.55
71.5
71.1
71.13
70.64
71.21
72.5
72.46
71.55
71.0
69.98
68.57
68.68
69.14
68.3
67.58
68.55
68.31
68.67
66.98
67.08
67.16
65.47
65.24
66.1
66.21
66.79
68.34
68.7
69.71
69.49
67.92
68.12
68.52
70.21
70.13
70.32
70.21
69.96
68.5
70.24
68.91
70.77
69.41
70.32
73.69
76.76
75.19
75.49
75.55
76.66
73.76
73.62
74.71
73.95
72.25
72.61
71.69
71.17
70.07
72.32
72.01
70.02
73.51
75.0
72.7
72.47
70.53
68.97
68.02
68.11
68.64
66.81
66.81
67.1
66.59
66.63
68.88
68.98
68.89
66.98
65.95
65.53
64.88
63.86
65.24
65.19
60.46
62.2
62.66
62.81
62.91
62.73
62.71
62.45
62.26
62.67
63.18
63.34
61.09
61.3
62.15
63.14
61.87
62.98
61.9
61.37
61.24
61.04
60.62
60.44
60.69
59.99
58.99
59.36
58.85
58.27
58.47
59.09
58.76
58.4
57.94
57.96
58.38
57.61
57.94
57.79
57.57
57.75
58.01
58.1
58.1
57.81
58.0
57.75
57.29
57.14
56.9
56.75
56.96
57.18
56.73
56.74
56.64
56.25
55.91
55.88
56.45
56.74
56.74
56.86
57.14
56.18
56.3
56.33
55.93
56.15
56.15
55.83
56.16
56.89
56.97
57.37
57.52
57.52
57.17
57.18
57.9
57.8
57.64
57.45
57.14
56.58
56.0
56.35
56.49
56.61
56.54
56.03
56.04
55.78
55.61
55.97
55.73
55.8
55.79
56.65
56.17
56.09
56.15
56.15
56.1
55.73
55.36
55.04
55.5
55.69
55.82
55.48
55.17
55.08
55.0
55.2
55.39
55.49
55.51
55.49
55.93
56.59
56.08
56.4
57.0
56.64
56.67
56.79
56.84
56.66
56.26
55.86
55.88
55.64
55.64
55.69
56.04
55.59
55.25
54.82
55.02
55.02
55.43
55.01
55.02
54.43
54.85
55.09
54.34
53.93
53.55
53.61
53.93
53.65
53.63
53.31
53.48
53.07
52.44
52.6
53.13
53.23
53.46
53.46
53.46
53.55
54.0
54.77
54.77
54.75
54.9
55.07
55.06
54.64
54.47
54.15
54.37
54.17
54.87
55.17
55.08
55.56
55.52
55.52
55.9
55.9
55.71
55.6
55.6
55.82
56.18
56.45
56.6
56.47
56.31
56.33
56.73
56.55
56.19
56.44
56.6
57.5
57.0
57.34
57.2
56.74
56.57
56.48
56.5
56.5
56.89
56.86
56.55
56.61
56.62
57.35
57.24
57.04
57.73
57.57
56.96
56.35
55.98
56.0
55.82
56.12
55.94
55.27
55.2
55.31
55.31
55.63
55.63
55.63
55.95
55.51
54.91
55.89
55.27
55.38
55.46
55.2
55.03
55.07
55.07
55.07
55.07
55.0
55.13
55.01
55.16
54.97
55.96
55.91
55.7
55.65
55.47
55.32
55.44
55.54
54.49
54.66
54.87
54.74
54.59
55.42
55.31
55.17
55.28
55.11
55.16
55.11
54.89
54.89
55.29
55.28
55.43
54.07
56.05
57.6
57.22
57.52
57.12
57.99
57.58
56.45
56.49
57.26
57.35
57.2
56.85
58.42
58.35
58.9
58.64
58.04
57.97
58.35
58.25
58.72
58.49
59.37
58.87
58.88
59.26
59.36
59.6
59.47
59.79
59.36
56.52
55.12
55.14
55.0
54.86
55.78
56.1
55.57
55.44
55.87
55.5
55.56
56.03
55.89
55.65
55.6
55.35
54.9
55.05
55.51
55.64
54.62
54.44
54.89
54.54
54.1
53.82
53.56
53.73
53.87
53.79
53.76
53.73
53.77
53.71
53.72
53.66
54.1
53.43
53.9
53.78
53.06
52.61
53.13
53.13
53.23
53.05
53.1
53.53
53.91
54.32
54.23
54.21
54.0
53.42
53.71
53.7
53.56
53.64
53.37
53.37
53.11
53.27
53.24
53.19
52.83
53.36
52.99
52.99
52.96
52.84
52.84
52.6
52.73
53.16
53.55
53.23
53.58
54.04
54.04
54.04
54.04
54.04
54.19
54.3
54.25
54.22
53.9
53.83
53.1
54.05
54.05
54.17
54.29
54.23
54.58
54.22
54.61
53.7
53.25
53.25
53.0
52.92
52.5
52.47
52.5
52.76
53.07
53.0
52.94
52.95
52.56
52.56
52.45
53.07
52.5
52.35
52.2
52.25
52.36
52.76
52.34
52.11
52.66
52.66
51.81
51.56
51.68
51.48
51.32
51.32
51.72
51.55
51.55
51.39
51.51
50.4
50.94
50.28
50.71
50.57
50.8
50.79
50.7
50.72
50.48
50.6
50.54
50.49
50.42
50.79
51.0
50.85
51.14
51.28
51.28
51.15
51.09
50.98
50.78
51.15
50.77
50.82
50.69
51.74
52.22
52.22
51.82
51.74
51.69
52.11
51.87
52.18
52.8
52.45
51.7
51.55
51.49
51.09
51.24
51.35
51.35
50.87
50.86
50.75
49.99
49.85
49.71
49.53
49.5
48.4
48.4
48.4
48.4
48.34
48.6
48.98
48.75
49.03
49.44
49.27
49.25
49.27
49.43
49.59
49.71
49.11
49.18
49.0
48.89
49.22
49.37
49.58
49.31
49.54
49.56
49.18
49.87
50.09
50.08
50.0
50.03
50.15
50.35
50.13
50.61
49.87
49.91
49.79
49.62
50.65
50.73
50.74
49.72
50.55
50.55
50.54
49.57
49.57
50.74
49.99
50.0
50.75
50.74
50.75
50.75
51.16
50.5
51.19
51.19
51.24
51.25
51.98
51.86
51.96
50.48
50.48
50.47
49.98
49.98
50.05
50.21
49.67
49.48
49.49
49.42
49.11
48.99
49.04
50.28
48.7
48.22
48.98
49.6
49.43
49.31
49.32
49.3
49.2
49.43
49.64
49.85
49.9
49.99
49.44
49.55
49.55
49.96
49.82
49.76
49.73
50.19
49.58
49.83
49.95
50.21
50.33
50.33
50.16
50.21
50.06
49.94
50.28
50.28
50.0
49.98
49.69
49.69
49.62
49.75
49.98
49.6
49.61
50.07
50.09
50.19
50.27
49.96
49.77
49.81
49.88
49.77
50.03
49.92
49.78
49.38
49.8
49.56
49.35
49.88
49.82
50.5
50.02
49.83
50.21
49.82
49.48
49.55
49.4
50.06
49.6
49.63
50.21
49.78
50.03
50.32
50.89
50.26
50.26
50.44
50.0
49.81
50.76
49.0
48.97
48.96
49.0
48.17
48.17
48.17
47.87
48.18
48.11
48.11
48.11
48.14
48.26
48.2
48.22
48.53
48.39
48.6
48.75
48.44
48.35
48.2
48.15
47.98
49.61
48.05
48.29
48.42
48.94
48.8
48.28
49.11
49.65
49.88
49.9
49.91
50.01
49.87
50.9
50.25
50.78
50.72
50.65
50.6
50.6
50.6
51.0
51.0
51.0
51.0
51.0
50.82
51.0
51.16
51.18
51.1
51.12
51.88
50.99
50.82
51.24
51.21
51.24
51.18
50.69
51.16
50.61
51.18
51.24
51.23
51.24
50.91
51.89
51.32
51.36
51.36
51.04
51.8
51.61
51.55
51.74
51.78
51.78
51.78
51.78
51.5
51.87
51.82
51.82
51.79
51.88
51.35
51.59
51.56
51.43
51.39
51.7
51.36
51.36
51.19
51.15
51.1
51.17
51.12
51.09
50.9
50.93
50.9
50.93
51.0
51.09
51.09
50.74
50.9
50.7
50.9
51.41
51.3
51.08
51.26
50.99
50.99
51.44
50.99
50.86
50.95
50.88
50.83
50.9
50.78
50.85
51.84
51.48
50.17
50.3
51.21
51.3
51.47
51.86
51.55
51.41
51.47
51.99
51.99
51.9
51.9
51.94
52.06
51.93
51.82
51.91
51.87
52.09
51.6
51.6
51.54
52.55
51.7
51.91
51.94
51.96
51.34
51.66
52.11
52.11
51.91
51.77
51.66
51.73
51.75
51.57
51.33
51.04
51.04
51.47
51.74
51.84
52.06
51.87
51.67
52.03
52.24
51.95
52.0
52.43
52.61
51.91
52.71
51.39
51.23
51.5
51.37
50.86
50.86
51.19
50.91
51.16
51.48
51.68
51.81
51.66
51.73
51.96
51.9
51.0
51.28
51.6
51.6
51.5
52.11
51.61
50.13
54.81
51.83
57.67
58.33
56.66
56.66
57.26
57.77
57.68
57.68
57.25
57.88
57.64
57.42
56.35
54.96
56.2
56.14
55.25
56.2
55.94
55.97
56.05
54.31
53.0
53.0
53.0
53.0
53.0
52.66
52.77
52.85
53.2
53.2
52.29
53.44
53.43
53.48
53.63
53.38
53.14
53.14
53.39
53.47
53.65
53.75
53.37
53.97
53.77
53.98
54.67
54.27
53.41
53.29
53.29
54.04
52.76
53.62
53.62
53.51
53.53
53.36
53.15
52.81
52.39
52.21
52.47
52.44
52.3
52.21
52.27
52.34
52.47
52.42
52.4
52.81
52.4
52.49
52.53
53.21
53.63
53.36
53.67
53.78
53.81
53.65
53.72
53.78
53.99
53.6
53.51
53.56
53.45
53.45
53.5
54.01
53.68
53.83
53.95
54.88
54.25
54.22
53.68
53.34
52.93
52.93
52.72
53.11
53.38
53.14
53.24
53.16
54.01
54.39
53.76
54.88
54.68
54.83
54.84
55.31
55.09
54.95
56.15
54.88
54.55
54.02
54.61
54.8
54.59
54.31
54.02
54.08
54.02
53.61
54.08
54.9
53.88
53.73
53.61
53.92
54.3
54.4
54.3
54.16
53.94
53.88
54.3
51.8
52.39
51.88
51.88
51.87
51.87
51.51
51.51
52.15
52.26
51.93
51.15
51.49
51.51
50.9
50.72
50.24
50.21
50.15
50.43
50.53
50.27
50.35
50.44
50.0
51.21
51.31
50.58
50.4
50.34
50.34
50.09
50.04
50.21
50.0
50.19
51.15
50.85
50.85
50.75
50.81
50.01
51.4
51.3
51.46
51.39
50.91
50.7
50.48
50.74
50.74
50.39
50.43
50.51
50.08
51.15
50.25
50.01
50.0
49.96
49.96
49.96
50.24
50.26
50.2
50.38
50.33
50.34
50.34
50.3
50.57
50.8
50.7
50.7
50.7
50.63
50.7
50.66
50.76
50.76
50.76
50.85
51.06
51.01
51.07
50.83
51.12
51.2
51.26
51.13
51.3
51.49
51.44
51.64
51.61
51.46
51.45
51.34
51.43
51.63
51.63
51.81
52.05
51.99
52.29
52.62
52.62
52.72
52.36
52.26
52.18
52.02
52.55
52.54
52.74
52.51
52.67
52.53
53.04
53.48
53.68
52.81
53.04
52.91
53.65
54.27
54.9
53.92
54.72
53.62
53.39
53.19
53.04
52.89
52.88
52.77
53.28
52.71
52.81
52.6
52.63
52.65
53.01
51.97
52.89
51.38
50.71
50.68
50.91
51.16
51.37
51.25
51.81
50.5
50.36
50.36
50.02
50.8
50.96
51.01
50.99
50.18
49.48
50.09
49.72
49.99
50.43
49.8
50.04
49.98
49.33
49.12
48.82
48.98
48.56
48.55
48.59
48.59
48.79
48.67
48.79
49.91
48.88
48.9
48.76
48.81
48.85
48.73
49.2
48.38
49.18
49.34
49.03
48.99
48.6
48.68
48.99
48.58
48.6
48.83
48.96
49.48
49.48
49.46
49.46
49.3
48.79
49.08
48.8
48.8
48.9
49.44
49.73
50.12
50.11
50.0
50.03
50.32
50.32
50.22
49.6
49.85
49.82
49.2
49.44
49.4
49.57
50.36
50.81
49.26
49.44
49.44
49.97
49.29
49.73
50.25
51.44
48.45
47.06
46.79
46.79
46.98
46.84
46.67
45.89
46.03
46.24
46.19
46.19
46.1
46.09
46.08
46.1
46.19
46.31
46.27
46.26
46.03
46.49
46.5
46.5
46.36
46.54
46.41
46.5
46.95
46.81
46.75
46.43
46.52
46.46
46.46
46.33
46.15
46.29
46.01
45.96
45.86
45.85
45.8
45.8
45.4
45.52
45.6
45.62
45.68
45.48
45.42
45.54
45.5
45.6
45.6
45.47
45.61
45.61
45.82
45.57
45.8
45.94
45.15
47.25
47.61
47.5
47.43
47.5
47.7
47.55
47.5
47.5
47.7
47.7
47.71
47.7
47.74
47.82
47.82
47.7
47.79
47.7
47.75
47.7
47.7
47.77
47.74
47.8
47.78
47.7
47.59
47.77
47.68
47.85
47.74
47.78
47.64
47.7
47.57
47.64
47.37
47.5
47.5
47.75
47.64
47.56
47.52
47.35
47.35
47.44
47.82
47.82
47.64
47.38
47.71
47.71
47.69
47.81
48.02
48.11
48.11
48.11
48.12
48.18
48.17
48.17
48.17
48.42
48.78
48.78
48.7
48.7
48.87
48.91
49.03
49.06
48.71
48.1
48.25
48.43
48.42
48.39
48.59
48.65
48.26
48.23
48.36
48.31
48.07
48.07
48.23
47.77
47.87
47.88
48.13
48.0
48.32
48.0
48.0
48.0
48.0
48.23
48.15
48.52
48.54
48.42
48.42
48.0
48.49
48.4
48.27
48.66
48.57
48.01
47.94
47.89
47.58
47.69
47.69
47.64
47.85
47.71
47.93
48.4
48.53
48.73
48.56
48.67
48.45
48.5
48.52
48.67
48.84
48.76
48.93
48.99
49.17
49.17
49.17
49.32
49.45
49.43
49.22
49.48
49.32
49.27
49.57
49.7
49.14
49.25
49.24
49.29
49.26
49.21
49.11
49.28
49.23
49.39
49.92
49.17
48.68
48.82
48.73
48.7
48.55
48.55
48.75
48.65
48.45
48.36
48.28
47.84
48.07
48.29
48.12
48.23
48.18
48.1
48.36
48.47
48.2
48.81
48.09
47.52
47.48
47.49
47.67
47.54
47.1
47.53
47.88
47.99
47.97
48.18
47.99
48.57
48.89
48.77
48.66
48.87
48.43
48.64
48.9
49.27
48.7
48.57
50.06
47.96
47.49
48.47
48.47
48.3
48.78
48.3
49.44
49.85
49.57
50.31
50.11
50.82
50.82
50.92
50.95
51.47
51.26
51.46
51.02
51.1
50.73
50.5
51.08
51.12
51.1
51.46
51.49
51.63
51.55
51.67
51.58
51.59
51.55
51.55
51.34
51.84
51.8
51.63
51.8
51.79
51.78
51.8
51.88
51.79
51.79
52.17
52.4
52.3
52.42
52.46
52.51
52.58
52.89
52.22
52.24
51.92
52.12
52.11
51.98
52.08
52.11
52.07
51.98
51.85
51.81
52.11
52.11
52.09
52.23
51.98
52.05
52.09
52.23
52.15
52.48
52.62
52.7
52.8
53.25
53.25
53.25
53.25
53.25
53.07
53.22
53.16
52.99
53.05
53.14
52.79
52.63
53.24
53.24
53.23
52.7
52.68
52.81
52.5
52.23
52.17
52.3
51.78
51.78
51.8
51.6
51.6
51.75
51.75
51.75
51.95
51.78
51.34
51.63
52.26
52.15
52.15
52.09
52.36
52.44
52.44
52.42
52.3
52.3
52.21
52.42
52.42
52.41
52.36
52.47
52.59
52.56
52.24
52.29
52.29
52.31
52.52
52.42
52.42
52.57
52.44
52.6
52.36
51.97
52.02
51.4
51.36
51.14
51.39
51.21
51.21
51.65
51.74
51.59
51.88
51.92
51.71
51.56
51.53
51.75
51.67
51.8
51.52
51.94
51.82
51.56
52.05
52.05
51.79
51.94
51.87
52.37
51.65
51.81
51.88
51.49
51.49
52.35
52.35
52.35
52.49
52.11
52.38
51.88
51.7
52.07
52.28
51.56
51.18
51.74
51.96
51.53
51.13
53.03
53.58
53.58
53.55
53.59
53.59
53.62
53.78
53.92
53.06
53.94
53.43
53.77
53.95
54.06
54.06
54.02
54.32
54.2
54.2
54.0
53.87
54.25
54.43
53.65
54.31
53.15
52.86
52.61
53.04
53.26
53.1
53.2
53.26
52.45
52.45
52.45
52.73
52.75
52.5
52.51
52.61
52.5
52.7
52.79
52.57
52.76
52.7
52.94
52.79
53.54
53.43
53.48
53.63
53.35
53.4
53.53
53.92
53.8
53.62
53.8
53.56
53.75
53.89
53.73
54.04
53.6
53.56
53.49
52.85
52.88
52.88
52.83
52.94
52.8
52.7
52.74
52.67
52.57
52.53
52.48
52.22
52.82
52.9
52.92
52.35
52.97
53.21
53.52
53.61
53.6
53.58
53.7
53.98
54.0
53.95
53.96
53.7
53.9
54.1
53.6
53.57
53.43
53.39
53.3
53.19
53.07
52.89
53.05
52.95
52.88
53.0
53.57
53.51
53.7
53.73
53.74
54.73
54.83
54.37
54.76
54.38
54.4
54.67
54.6
54.74
54.7
55.08
54.9
55.22
55.49
55.83
55.84
55.84
55.85
55.79
56.11
56.05
56.04
55.42
56.49
53.64
53.72
53.78
53.89
53.77
53.33
53.34
53.33
52.78
52.78
52.83
52.93
52.93
52.89
52.38
52.66
52.73
52.56
52.26
52.2
52.65
52.95
53.42
55.18
56.0
55.6
55.66
55.52
55.52
55.52
55.42
55.2
54.83
54.77
54.77
56.06
55.27
54.4
54.7
55.73
56.0
56.36
56.09
55.63
54.69
55.37
55.37
55.37
55.37
55.01
54.86
55.13
54.42
54.42
54.55
54.0
54.53
54.71
55.65
54.96
55.02
55.11
56.96
55.98
55.36
56.59
55.79
55.95
55.93
56.06
56.0
56.33
56.73
57.18
57.03
56.93
56.93
57.94
58.71
56.94
56.58
57.19
57.58
57.9
56.37
55.71
54.5
54.19
54.15
54.43
54.14
53.99
52.57
52.22
52.3
54.0
54.39
54.08
55.19
55.28
55.78
56.04
55.73
55.99
56.43
60.32
60.22
60.22
60.24
60.4
60.25
60.03
60.05
60.1
60.3
60.21
60.16
59.85
59.49
59.19
59.75
59.71
59.87
60.5
60.14
60.21
60.05
60.3
60.97
61.01
61.65
60.82
60.66
60.76
60.01
59.82
60.53
60.57
60.78
60.99
60.4
61.22
60.08
61.37
61.12
61.09
60.51
60.57
59.8
59.45
59.55
59.1
59.12
59.13
59.42
59.63
59.78
60.24
60.5
60.47
60.09
60.24
60.25
60.55
60.6
60.58
60.55
60.42
60.65
60.5
60.38
59.99
60.73
59.64
61.11
60.92
60.86
61.17
61.09
60.98
60.84
61.03
61.57
60.91
61.0
61.27
61.22
61.49
61.89
61.83
59.01
59.28
57.58
57.49
57.15
57.5
57.37
57.08
56.74
56.98
57.18
57.3
57.05
57.6
56.8
57.01
57.42
57.61
57.42
58.94
59.03
58.8
59.21
59.4
59.14
59.3
58.06
59.11
59.11
58.62
57.65
58.2
57.58
57.57
58.36
58.99
59.18
59.11
59.11
58.62
58.62
58.17
58.25
58.42
57.87
56.96
56.95
56.44
56.52
56.32
56.26
56.98
57.27
57.41
57.58
57.19
57.49
57.81
57.94
58.0
57.54
57.54
57.57
57.99
57.63
57.9
57.84
57.53
57.53
56.97
56.85
56.88
56.9
57.99
58.1
58.49
58.51
58.1
58.81
59.0
59.11
60.21
59.16
59.33
59.73
59.81
59.92
60.12
59.92
60.2
61.27
61.42
61.05
60.42
60.49
60.8
60.11
59.61
60.32
60.26
59.41
59.71
59.74
58.42
59.02
57.76
57.53
57.81
57.8
57.79
57.76
58.56
58.33
58.92
57.63
57.34
57.55
56.91
56.43
56.97
56.24
55.94
56.0
56.49
56.4
56.09
55.99
55.37
55.32
55.21
55.25
54.67
54.85
54.8
54.79
54.7
54.85
55.03
55.42
55.53
55.81
56.14
56.97
57.16
56.96
57.4
57.99
57.15
57.1
57.54
58.36
57.4
57.4
57.99
57.71
57.62
57.87
58.22
58.26
58.1
59.1
59.1
57.76
59.21
59.64
59.42
59.19
59.19
59.0
59.71
59.16
59.38
59.27
59.97
59.95
60.05
60.0
59.89
59.93
59.57
59.89
59.0
59.21
58.73
59.19
59.58
62.59
61.78
59.55
60.1
59.93
60.06
59.54
60.72
60.7
59.86
60.45
60.4
60.34
61.51
62.0
62.17
61.88
61.91
59.77
62.0
61.8
61.9
62.2
62.09
62.1
62.45
62.25
61.44
61.35
61.23
61.48
61.02
56.43
56.09
56.4
55.85
55.99
56.1
55.85
55.45
55.22
55.04
54.96
55.18
55.26
54.92
55.47
55.11
55.09
55.19
55.0
55.39
58.1
58.69
58.69
58.78
58.99
58.94
58.59
58.69
58.96
59.3
58.82
58.36
58.89
59.59
59.14
59.52
59.03
59.76
60.75
60.61
60.65
59.88
59.72
60.83
58.48
59.28
59.24
58.4
58.05
59.33
59.03
59.77
58.74
58.69
59.79
60.63
61.56
61.86
62.24
61.89
61.83
62.11
60.42
60.64
60.64
61.36
61.25
60.01
60.02
60.26
60.16
60.13
60.44
61.21
60.81
60.67
59.97
60.17
60.32
61.3
59.59
59.31
60.42
60.47
62.06
61.42
61.13
68.1
68.16
67.82
67.44
66.41
67.99
69.4
68.81
69.07
71.0
69.65
68.35
68.38
67.89
71.05
70.38
69.26
69.06
69.52
68.32
68.45
68.3
68.72
67.48
64.6
63.84
64.27
64.86
64.86
65.24
64.35
64.75
63.66
64.52
64.84
64.78
66.19
66.74
64.57
64.57
64.99
65.31
65.34
64.68
65.55
63.58
64.49
63.59
62.03
61.95
61.44
61.31
61.79
61.43
60.7
61.6
60.93
60.87
61.04
60.38
61.0
61.42
61.7
60.36
59.93
60.47
60.24
59.75
60.18
60.91
60.49
60.61
61.06
60.34
61.0
59.13
60.0
61.68
60.86
61.0
62.68
64.88
63.74
64.75
63.77
61.91
61.62
62.25
61.71
61.93
61.81
62.02
62.21
63.53
65.59
63.26
65.0
63.47
61.54
60.2
63.2
62.79
62.45
63.38
60.9
61.31
60.76
61.75
61.93
61.94
62.74
60.83
57.02
56.39
56.61
56.82
56.84
56.42
56.52
56.27
56.35
56.82
55.6
56.95
58.0
59.58
59.45
58.95
58.21
58.64
59.93
59.83
59.69
59.36
58.89
59.38
58.02
58.93
58.23
58.0
59.25
58.91
58.75
57.42
58.05
55.85
55.23
54.79
54.93
55.25
55.56
55.44
55.01
55.58
55.19
54.25
54.25
54.04
53.39
53.5
54.87
54.7
54.55
55.55
55.72
54.8
55.29
55.62
55.72
55.49
55.83
56.52
56.13
56.53
55.24
54.42
54.15
54.41
53.9
54.45
52.0
51.83
51.76
51.95
52.04
51.04
50.52
50.78
50.85
51.27
50.95
50.36
50.3
49.97
50.42
51.19
51.23
50.32
50.8
50.79
50.46
50.5
51.06
51.3
52.28
51.9
51.65
52.01
51.24
51.26
50.4
50.9
50.96
50.57
49.34
49.19
49.2
49.58
49.23
49.64
49.48
48.87
49.62
48.25
47.65
48.21
48.43
47.88
48.55
48.5
48.5
49.38
49.03
50.0
49.6
51.2
48.64
49.84
48.63
50.43
48.49
48.75
47.98
48.42
49.21
48.64
48.47
48.66
49.86
49.91
49.69
49.96
50.0
50.25
50.19
50.65
50.45
50.61
50.75
51.06
50.64
50.87
51.55
50.95
50.68
50.79
50.51
50.25
51.67
53.53
53.21
53.13
53.23
52.93
52.91
53.4
52.34
52.79
52.8
52.5
52.33
52.45
52.79
53.04
53.4
53.07
53.25
53.77
54.19
54.25
55.01
54.96
56.03
56.49
55.33
55.59
56.09
55.51
54.9
54.88
55.67
55.21
54.45
53.58
53.55
53.69
53.13
53.0
52.98
52.88
52.67
52.83
52.66
53.19
53.42
52.74
52.7
52.63
53.05
52.6
52.49
52.45
53.21
52.69
53.82
52.78
55.16
55.17
55.11
55.35
55.35
55.12
54.92
54.92
54.57
54.96
55.15
55.4
56.29
55.39
54.68
55.27
54.91
56.02
54.83
56.06
56.52
56.91
56.91
56.59
56.41
57.46
56.92
58.0
58.38
58.39
59.17
59.22
59.83
60.02
59.4
59.55
59.55
60.42
60.51
60.27
60.3
60.62
60.49
60.26
59.66
58.66
57.98
57.65
57.65
57.07
57.25
58.21
56.34
56.58
56.45
57.06
57.0
57.05
57.52
57.0
54.0
53.5
55.66
56.51
57.63
56.95
56.95
55.85
56.72
56.72
57.41
57.46
57.46
57.7
59.09
57.36
57.64
58.83
58.83
58.83
58.83
58.83
58.83
56.0
55.09
53.56
56.89
51.29
50.83
50.33
51.39
53.53
52.74
52.03
52.37
52.88
52.41
52.83
53.36
53.18
54.59
53.4
53.13
52.6
53.92
54.11
57.42
59.76
60.64
61.43
62.09
61.81
61.29
61.62
61.0
62.16
62.48
64.11
64.37
65.56
67.54
67.42
66.5
66.25
66.65
64.33
64.87
64.5
66.1
65.37
65.31
65.61
65.61
65.2
65.11
67.31
69.83
68.79
70.35
70.88
71.52
71.05
71.12
70.48
71.91
70.21
70.09
71.06
71.98
71.57
72.4
71.41
72.61
73.72
73.4
73.41
74.02
72.14
73.14
74.09
73.46
74.67
75.42
76.89
76.09
75.48
75.58
73.47
74.21
72.52
72.38
73.43
69.04
69.64
70.05
70.67
71.15
70.57
70.13
69.83
71.5
70.19
69.62
69.49
69.49
68.8
68.95
74.1
74.24
75.18
75.64
76.31
76.31
75.11
77.32
76.28
76.6
76.65
76.76
75.6
77.49
77.91
77.49
78.4
79.11
78.99
78.67
78.88
77.7
77.05
77.02
76.72
76.04
76.8
76.0
76.0
77.1
77.5
78.07
78.0
78.0
79.45
79.54
78.21
78.44
79.25
78.21
79.7
79.7
80.0
82.87
82.87
82.87
82.87
82.87
83.87
80.65
80.62
80.81
80.12
78.08
80.47
78.14
78.05
77.72
78.14
78.89
79.38
78.99
79.01
78.97
76.13
76.76
78.3
79.23
78.24
79.93
80.85
78.49
79.89
81.08
78.41
79.04
80.0
82.4
82.18
84.07
87.09
88.47
86.6
87.51
88.13
85.06
86.52
86.67
88.43
85.37
87.0
85.96
86.29
81.91
81.72
80.05
79.45
78.88
79.8
83.01
81.7
83.28
81.7
80.65
79.88
81.98
79.79
79.06
78.73
77.05
78.52
79.44
77.91
79.5
81.2
81.1
80.62
78.5
77.05
79.28
79.92
76.63
76.33
74.5
75.18
73.72
73.79
74.8
74.91
74.9
76.59
74.24
74.19
77.34
73.85
72.29
71.96
71.56
70.3
70.6
70.3
68.23
68.42
68.16
68.45
65.39
65.09
64.76
64.76
64.4
64.22
65.25
65.28
64.22
64.16
64.2
64.07
63.09
64.6
65.26
63.1
62.1
62.19
65.81
65.9
66.53
65.97
65.99
68.01
68.15
69.8
69.8
69.8
69.8
69.34
71.41
72.2
69.0
69.02
68.98
68.56
68.82
70.0
69.54
68.23
70.26
67.93
65.03
62.93
61.95
63.0
64.1
63.95
63.72
62.74
65.01
62.52
59.79
62.79
61.98
61.98
61.47
61.57
60.03
61.86
63.7
63.4
65.96
62.56
65.24
71.56
72.7
74.16
74.0
74.16
74.65
74.55
74.7
73.75
74.75
75.51
75.88
74.1
74.1
75.88
75.48
77.53
77.11
77.29
79.99
79.99
77.54
77.11
74.1
74.1
75.28
74.75
74.21
73.86
74.0
74.94
74.59
75.16
75.9
76.61
77.32
75.45
75.33
75.62
75.64
74.49
74.54
74.47
74.6
76.11
76.1
80.31
81.14
81.3
80.97
81.5
81.0
80.0
80.74
80.91
80.51
80.1
81.1
81.97
81.1
83.23
83.67
84.13
83.79
82.51
83.16
83.43
83.92
83.0
84.51
82.39
82.0
80.33
81.0
81.3
82.0
84.0
84.95
82.86
83.77
85.74
84.27
85.0
86.34
86.06
84.2
83.0
81.26
83.17
82.98
81.49
79.25
79.48
83.0
81.74
83.1
81.48
84.32
85.78
85.14
90.13
91.97
92.82
84.68
84.41
83.27
84.77
84.72
83.3
87.19
88.02
90.5
93.45
97.21
98.5
96.5
97.21
96.25
98.53
96.2
96.0
97.0
94.69
96.65
95.92
96.51
95.26
97.84
100.0
99.5
100.58
98.51
100.45
103.84
103.11
106.68
109.46
112.32
110.0
109.89
111.96
112.28
110.7
112.01
111.87
113.15
112.86
112.66
112.83
109.19
110.5
110.5
108.5
108.5
109.28
109.28
109.28
109.93
109.93
110.16
110.07
110.46
110.33
111.6
110.65
110.4
109.11
106.23
108.22
105.47
105.47
105.27
104.28
104.28
104.26
104.56
104.56
106.57
106.57
106.57
106.57
106.11
105.99
105.1
105.23
105.08
105.0
107.8
107.8
107.8
107.13
106.65
106.76
107.84
108.14
108.11
108.37
108.47
110.08
109.19
107.3
107.81
107.43
106.75
107.17
107.74
108.64
109.96
109.96
110.18
110.11
108.82
108.75
108.56
106.7
106.81
106.66
108.15
105.0
106.79
106.91
104.48
97.8
104.29
105.0
105.53
102.99
107.11
107.18
105.05
106.0
106.0
104.44
106.0
105.0
106.85
109.5
107.39
105.73
107.1
104.76
105.75
108.03
116.85
112.0
117.71
118.61
121.52
122.13
122.01
123.1
124.01
126.25
126.35
126.4
126.4
126.27
126.46
126.83
127.0
125.42
125.09
128.56
129.22
127.18
125.5
125.89
130.24
129.1
130.4
128.05
128.41
128.92
128.1
129.89
130.37
132.0
132.35
132.92
133.45
132.35
131.65
133.72
130.61
134.69
133.24
131.51
131.65
134.33
134.57
126.16
125.91
125.33
125.92
125.5
125.04
124.79
123.98
123.5
123.5
123.5
124.1
125.0
125.4
125.5
126.97
128.2
128.87
129.66
126.55
127.0
127.37
127.01
127.96
128.5
129.52
128.5
129.21
129.56
130.29
130.29
130.8
130.8
129.98
129.98
129.21
129.21
128.92
128.98
130.09
128.84
127.05
128.52
129.24
130.17
131.0
131.0
131.0
131.02
132.45
133.79
136.52
135.94
136.96
136.99
134.04
134.04
133.4
133.4
131.02
131.02
134.95
134.99
131.25
132.08
132.08
132.08
132.08
132.0
131.67
133.0
133.69
133.8
133.72
133.74
135.5
135.3
133.4
134.4
133.72
133.72
131.83
134.28
134.21
134.5
135.87
135.84
134.5
133.22
135.25
136.54
135.35
137.56
136.31
134.15
133.69
131.5
127.93
128.44
128.78
129.03
128.78
128.74
128.74
128.74
127.86
127.73
127.73
127.0
128.16
128.34
128.0
128.34
130.21
129.25
128.18
128.07
129.27
128.0
128.53
127.6
127.48
126.45
126.6
126.59
127.14
127.53
129.33
129.53
130.04
129.22
128.35
128.51
130.74
131.61
131.95
131.06
129.41
129.33
130.27
128.9
128.41
128.1
126.76
127.72
128.17
128.88
130.0
125.56
125.38
124.64
124.64
125.2
125.2
124.07
121.64
121.9
121.93
122.09
121.25
122.01
121.98
122.86
121.89
122.35
121.69
119.39
119.01
118.8
118.41
118.6
118.5
118.4
118.91
118.6
118.6
118.85
117.8
117.8
119.0
119.0
118.92
118.79
119.33
119.21
119.12
120.3
120.66
120.31
120.96
120.47
120.39
121.52
120.22
120.21
120.11
118.81
119.94
118.04
117.49
117.45
117.47
117.32
116.51
117.16
116.59
116.06
116.11
116.76
116.81
116.55
116.85
116.7
116.7
116.33
116.33
116.25
116.09
115.79
116.26
116.44
116.19
116.16
116.16
116.16
117.05
115.38
115.38
116.37
116.38
116.21
117.23
116.5
116.68
119.05
118.52
117.48
118.45
118.25
116.16
115.79
115.4
116.3
116.47
115.71
116.3
115.69
115.88
116.35
115.97
116.21
116.21
116.5
116.5
116.64
116.19
116.05
116.3
116.19
115.93
116.12
116.43
116.0
114.55
114.65
114.65
114.41
114.35
114.63
114.41
114.55
114.44
114.24
114.24
114.24
114.24
115.09
115.09
115.09
114.97
115.18
115.2
115.27
115.66
115.75
114.45
115.24
114.32
114.43
114.86
115.3
116.26
112.81
114.12
114.17
113.55
113.65
113.65
113.65
113.65
113.93
113.04
113.97
114.35
114.13
114.0
114.16
114.87
114.65
114.65
114.5
114.7
114.44
114.5
114.37
114.7
114.7
114.7
113.93
113.8
113.64
114.59
114.6
115.15
114.95
114.86
115.0
114.85
115.01
114.94
115.13
115.23
114.96
113.32
113.39
113.25
114.57
114.45
115.69
115.99
115.82
114.71
114.36
118.46
120.5
120.35
120.48
121.02
122.0
122.0
122.34
121.86
121.45
121.47
122.22
121.91
121.42
121.0
121.74
121.47
121.69
121.69
121.52
120.85
120.71
120.32
120.04
119.85
119.85
120.56
120.25
120.25
120.16
118.91
118.91
119.02
118.84
118.84
118.92
118.74
119.14
120.26
120.12
120.28
119.64
120.08
120.6
119.52
119.05
120.0
119.5
119.5
120.42
119.95
119.95
120.81
120.81
120.81
120.97
121.01
121.01
119.94
120.17
119.3
119.3
119.89
119.56
119.54
118.9
119.53
119.8
118.96
118.37
121.03
122.03
122.58
121.63
121.63
122.04
120.75
121.36
122.37
122.11
122.6
122.6
122.93
123.44
123.02
123.0
123.18
123.73
123.91
122.7
124.27
124.87
124.6
125.71
123.72
124.45
124.7
125.92
125.92
126.48
124.43
124.28
125.0
124.55
125.69
126.24
124.82
123.7
123.61
124.42
123.89
123.23
123.23
123.83
123.26
123.84
123.69
123.94
122.0
121.11
120.7
120.5
120.49
120.65
120.47
120.42
120.49
119.47
119.42
119.34
119.3
119.01
119.33
119.2
119.2
119.0
119.56
118.42
118.29
118.0
118.22
118.2
119.13
118.81
118.5
119.67
120.09
120.75
121.0
121.06
121.45
120.09
120.5
120.51
120.84
120.79
120.87
121.23
120.35
121.02
120.8
121.23
121.48
121.19
121.0
120.37
119.61
120.51
120.48
121.18
121.24
121.17
122.6
122.8
122.69
123.0
122.81
122.58
122.53
122.31
122.74
123.46
124.62
124.4
123.48
123.83
123.57
124.0
123.85
123.25
123.48
123.11
123.3
123.5
123.5
123.5
124.14
124.14
123.62
123.62
123.48
124.0
124.0
125.05
122.98
125.54
124.89
125.62
125.46
123.67
122.88
124.38
122.64
122.79
124.21
121.28
121.46
121.35
121.84
124.21
123.14
122.21
121.86
121.0
118.52
118.52
118.52
118.52
118.52
118.52
118.98
119.01
119.57
118.76
117.4
116.32
116.17
115.99
115.75
115.64
116.5
116.34
115.64
114.7
114.57
114.58
114.94
115.1
115.1
116.03
116.62
117.23
116.52
116.2
116.2
116.76
116.03
116.43
117.35
118.99
118.31
119.03
119.5
119.22
119.58
119.96
120.14
118.82
120.05
117.27
117.27
117.74
117.74
117.68
117.44
117.05
116.8
116.58
117.8
116.31
117.14
119.21
114.2
114.12
113.84
112.71
111.67
111.49
111.19
112.31
112.7
112.66
112.25
112.25
112.94
112.52
111.73
111.63
111.65
112.42
112.55
112.78
112.15
112.05
110.47
110.39
109.9
109.6
109.93